Time	CALL	SET	Ta_Sense	Ta_Comp	HUM	HELD	T	POT	WEB	SCH	OAT	Ta_Obs
18:26	0	68	67.708	67.862	33	0	4	68	62	68	40	67.701
18:27	0	68	67.744	67.935	33	0	4	68	62	68	40	67.707
18:27	0	68	67.744	67.969	33	0	4	68	62	68	40	67.715
18:28	0	68	67.744	68	33	0	4	68	62	68	40	67.724
18:28	0	68	67.744	68.028	33	0	4	68	62	68	40	67.734
18:29	0	68	67.744	68.053	33	0	4	68	62	68	40	67.746
18:29	0	68	67.744	68.076	33	0	4	68	62	68	40	67.758
18:30	0	68	67.744	68.097	33	0	4	68	62	68	40	67.771
18:30	0	68	67.744	68.116	33	0	4	68	62	68	40	67.784
18:31	0	68	67.744	68.133	33	0	4	68	62	68	40	67.799
18:31	0	68	67.708	68.113	33	0	4	68	62	68	40	67.813
18:32	0	68	67.744	68.163	33	0	4	68	62	68	40	67.829
18:32	0	68	67.762	68.194	33	0	4	68	62	68	40	67.845
18:33	0	68	67.744	68.187	33	0	4	68	62	68	40	67.861
18:33	0	68	67.762	68.216	33	0	4	68	62	68	40	67.878
18:34	0	68	67.744	68.207	33	0	4	68	62	68	40	67.895
18:35	0	68	67.744	68.216	33	0	4	68	62	68	40	67.913
18:35	0	68	67.744	68.224	33	0	4	68	62	68	40	67.931
18:36	0	68	67.762	68.249	33	0	4	68	62	68	40	67.949
18:36	0	68	67.762	68.255	33	0	4	68	62	68	40	67.967
18:37	0	68	67.744	68.243	33	0	4	68	62	68	40	67.986
18:37	0	68	67.744	68.248	33	0	4	68	62	68	40	68.005
18:38	0	68	67.744	68.253	33	0	4	68	62	68	40	68.024
18:38	0	68	67.762	68.275	33	0	4	68	62	68	40	68.043
18:39	0	68	67.762	68.279	33	0	4	68	62	68	40	68.062
18:39	0	68	67.744	68.264	33	0	4	68	62	68	40	68.082
18:40	0	68	67.744	68.267	33	0	4	68	62	68	40	68.101
18:40	0	68	67.744	68.27	33	0	4	68	62	68	40	68.121
18:41	0	68	67.744	68.273	33	0	4	68	62	68	40	68.141
18:41	0	68	67.744	68.275	33	0	4	68	62	68	40	68.16
18:42	0	68	67.744	68.277	33	0	4	68	62	68	40	68.18
18:42	0	68	67.744	68.279	33	0	4	68	62	68	40	68.2
18:43	0	68	67.708	68.244	33	0	4	68	62	68	40	68.22
18:43	0	68	67.708	68.245	33	0	4	68	62	68	40	68.241
18:44	0	68	67.744	68.283	33	0	4	68	62	68	40	68.261
18:44	0	68	67.744	68.284	33	0	4	68	62	68	40	68.281
18:45	0	68	67.708	68.249	33	0	4	68	62	68	40	68.301
18:45	0	68	67.708	68.25	33	0	4	68	62	68	40	68.322
18:46	0	68	67.69	68.232	33	0	4	68	62	68	40	68.342
18:46	0	68	67.69	68.233	33	0	4	68	62	68	40	68.362
18:47	0	68	67.69	68.234	33	0	4	68	62	68	40	68.383
18:47	0	68	67.69	68.234	33	0	4	68	62	68	40	68.403
18:48	0	68	67.708	68.253	33	0	4	68	62	68	40	68.423
18:48	0	68	67.69	68.235	33	0	4	68	62	68	40	68.444
18:49	0	68	67.69	68.235	33	0	4	68	62	68	40	68.464
18:49	0	68	67.69	68.236	33	0	4	68	62	68	40	68.485
18:50	0	68	67.69	68.236	33	0	4	68	62	68	40	68.505
18:50	0	68	67.69	68.236	33	0	4	68	62	68	40	68.526
18:51	0	68	67.672	68.218	33	0	4	68	62	68	40	68.546
18:51	0	68	67.69	68.236	33	0	4	68	62	68	40	68.567
18:52	0	68	67.672	68.218	33	0	4	68	62	68	40	68.587
18:52	0	68	67.636	68.182	33	0	4	68	62	68	40	68.608
18:53	0	68	67.672	68.218	33	0	4	68	62	68	40	68.628
18:53	0	68	67.636	68.182	33	0	4	68	62	68	40	68.649
18:54	0	68	67.636	68.182	33	0	4	68	62	68	40	68.669
18:54	0	68	67.636	68.182	33	0	4	68	62	68	40	68.69
18:55	0	68	67.636	68.181	33	0	4	68	62	68	40	68.71
18:55	0	68	67.617	68.163	33	0	4	68	62	68	40	68.73
18:56	0	68	67.617	68.163	33	0	4	68	62	68	40	68.751
18:56	0	68	67.636	68.181	33	0	4	68	62	68	40	68.771
18:57	0	68	67.636	68.181	33	0	4	68	62	68	40	68.792
18:57	0	68	67.636	68.181	33	0	4	68	62	68	40	68.812
18:58	0	68	67.636	68.18	34	0	4	68	62	68	40	68.833
19:00	0	68	67.636	67.796	34	0	4	68	62	68	40	67.647
19:00	0	68	67.636	67.833	34	0	4	68	62	68	40	67.654
19:01	0	68	67.636	67.866	34	0	4	68	62	68	40	67.662
19:01	0	68	67.617	67.878	34	0	4	68	62	68	40	67.671
19:02	0	68	67.617	67.906	34	0	4	68	62	68	40	67.682
19:02	0	68	67.617	67.931	34	0	4	68	62	68	40	67.693
19:03	0	68	67.636	67.972	34	0	4	68	62	68	40	67.705
19:03	0	68	67.672	68.028	34	0	4	68	62	68	40	67.719
19:04	0	68	67.636	68.011	34	0	4	68	62	68	40	67.732
19:04	0	68	67.617	68.01	34	0	4	68	62	68	40	67.747
19:05	0	68	67.617	68.025	34	0	4	68	62	68	40	67.762
19:05	0	68	67.636	68.057	34	0	4	68	62	68	40	67.777
19:06	0	68	67.617	68.051	34	0	4	68	62	68	40	67.793
19:06	0	68	67.617	68.063	34	0	4	68	62	68	40	67.81
19:07	0	68	67.617	68.073	34	0	4	68	62	68	40	67.827
19:07	0	68	67.581	68.046	34	0	4	68	62	68	40	67.844
19:08	0	68	67.581	68.055	34	0	4	68	62	68	40	67.862
19:08	0	68	67.617	68.099	34	0	4	68	62	68	40	67.88
19:09	0	68	67.581	68.069	34	0	4	68	62	68	40	67.898
19:09	0	68	67.581	68.075	34	0	4	68	62	68	40	67.916
19:10	0	68	67.581	68.081	34	0	4	68	62	68	40	67.935
19:10	0	68	67.581	68.086	34	0	4	68	62	68	40	67.954
19:11	0	68	67.617	68.127	34	0	4	68	62	68	40	67.973
19:11	0	68	67.617	68.131	34	0	4	68	62	68	40	67.992
19:12	0	68	67.636	68.153	34	0	4	68	62	68	40	68.012
19:12	0	68	67.636	68.157	34	0	4	68	62	68	40	68.031
19:13	0	68	67.672	68.196	34	0	4	68	62	68	40	68.051
19:13	0	68	67.672	68.199	34	0	4	68	62	68	40	68.07
19:14	0	68	67.69	68.219	34	0	4	68	62	68	40	68.09
19:14	0	68	67.69	68.222	34	0	4	68	62	68	40	68.11
19:15	0	68	67.69	68.224	34	0	4	68	62	68	40	68.13
19:15	0	68	67.69	68.225	34	0	4	68	62	68	40	68.15
19:16	0	68	67.708	68.245	34	0	4	68	62	68	40	68.17
19:16	0	68	67.744	68.283	34	0	4	68	62	68	40	68.19
19:17	0	68	67.762	68.302	34	0	4	68	62	68	40	68.211
19:17	0	68	67.762	68.303	35	0	4	68	62	68	40	68.231
19:18	0	68	67.799	68.34	35	0	4	68	62	68	40	68.251
19:18	0	68	67.799	68.341	35	0	4	68	62	68	40	68.271
19:19	0	68	67.817	68.36	35	0	4	68	62	68	40	68.292
19:19	0	68	67.817	68.361	35	0	4	68	62	68	40	68.312
19:20	0	68	67.817	68.361	35	0	4	68	62	68	40	68.333
19:20	0	68	67.853	68.398	35	0	4	68	62	68	40	68.353
19:21	0	68	67.871	68.417	35	0	4	68	62	68	40	68.374
19:21	0	68	67.871	68.417	35	0	4	68	62	68	40	68.394
19:22	0	68	67.889	68.436	35	0	4	68	62	68	40	68.414
19:22	0	68	67.926	68.472	35	0	4	68	62	68	40	68.435
19:23	0	68	67.944	68.49	35	0	4	68	62	68	40	68.455
19:23	0	68	67.944	68.491	35	0	4	68	62	68	40	68.476
19:24	0	68	67.98	68.527	35	0	4	68	62	68	40	68.496
19:24	0	68	67.98	68.527	36	0	4	68	62	68	40	68.517
19:25	0	68	67.998	68.545	36	0	4	68	62	68	40	68.537
19:25	0	68	68.034	68.581	36	0	4	68	62	68	40	68.558
19:26	0	68	68.034	68.581	36	0	4	68	62	68	40	68.578
19:26	0	68	68.053	68.599	36	0	4	68	62	68	40	68.599
19:27	0	68	68.071	68.618	36	0	4	68	62	68	40	68.619
19:27	0	68	68.071	68.617	37	0	4	68	62	68	40	68.64
19:28	0	68	68.107	68.654	37	0	4	68	62	68	40	68.661
19:28	0	68	68.107	68.653	37	0	4	68	62	68	40	68.681
19:29	0	68	68.125	68.671	37	0	4	68	62	68	40	68.701
19:29	0	68	68.125	68.671	37	0	4	68	62	68	40	68.722
19:30	0	68	68.125	68.671	37	0	4	68	62	68	40	68.742
19:30	0	68	68.161	68.707	37	0	4	68	62	68	40	68.763
19:31	0	68	68.161	68.707	37	0	4	68	62	68	40	68.783
19:31	0	68	68.179	68.725	39	0	4	68	62	68	40	68.804
19:32	0	68	68.198	68.743	38	0	4	68	62	68	40	68.824
19:32	0	68	68.198	68.743	38	0	4	68	62	68	40	68.845
19:33	0	68	68.198	68.742	38	0	4	68	62	68	40	68.865
19:33	0	68	68.179	68.724	38	0	4	68	62	68	40	68.886
19:34	0	68	68.198	68.742	40	0	4	68	62	68	40	68.906
19:34	0	68	68.198	68.742	39	0	4	68	62	68	40	68.926
19:35	0	68	68.198	68.741	39	0	4	68	62	68	40	68.947
19:35	0	68	68.198	68.741	39	0	4	68	62	68	40	68.967
19:36	0	68	68.234	68.777	38	0	4	68	62	68	40	68.988
19:36	0	68	68.198	68.74	38	0	4	68	62	68	40	69.008
19:37	0	68	68.234	68.776	38	0	4	68	62	68	40	69.028
19:37	0	68	68.198	68.74	38	0	4	68	62	68	40	69.049
19:38	0	68	68.198	68.74	38	0	4	68	62	68	40	69.069
19:38	0	68	68.234	68.776	38	0	4	68	62	68	40	69.089
19:39	0	68	68.252	68.793	38	0	4	68	62	68	40	69.11
19:39	0	68	68.234	68.775	38	0	4	68	62	68	40	69.13
19:40	0	68	68.234	68.775	38	0	4	68	62	68	40	69.15
19:40	0	68	68.252	68.793	38	0	4	68	62	68	40	69.17
19:41	0	68	68.288	68.829	38	0	4	68	62	68	40	69.191
19:41	0	68	68.252	68.792	38	0	4	68	62	68	40	69.211
19:42	0	68	68.288	68.828	38	0	4	68	62	68	40	69.231
19:42	0	68	68.288	68.828	38	0	4	68	62	68	40	69.251
19:43	0	68	68.288	68.827	38	0	4	68	62	68	40	69.272
19:43	0	68	68.306	68.845	38	0	4	68	62	68	40	69.292
19:44	0	68	68.343	68.881	39	0	4	68	62	68	40	69.312
19:44	0	68	68.306	68.845	39	0	4	68	62	68	40	69.332
19:45	0	68	68.343	68.88	39	0	4	68	62	68	40	69.352
19:45	0	68	68.343	68.88	39	0	4	68	62	68	40	69.373
19:46	0	68	68.361	68.898	39	0	4	68	62	68	40	69.393
19:46	0	68	68.361	68.898	39	0	4	68	62	68	40	69.413
19:47	0	68	68.379	68.916	39	0	4	68	62	68	40	69.433
19:47	0	68	68.379	68.915	39	0	4	68	62	68	40	69.453
19:48	0	68	68.379	68.915	39	0	4	68	62	68	40	69.473
19:48	0	68	68.415	68.951	39	0	4	68	62	68	40	69.493
19:49	0	68	68.415	68.951	39	0	4	68	62	68	40	69.513
19:49	0	68	68.415	68.95	39	0	4	68	62	68	40	69.533
19:50	0	68	68.415	68.95	39	0	4	68	62	68	40	69.554
19:50	0	68	68.433	68.968	39	0	4	68	62	68	40	69.574
19:51	0	68	68.433	68.967	39	0	4	68	62	68	40	69.594
19:51	0	68	68.47	69.003	39	0	4	68	62	68	40	69.614
19:52	0	68	68.47	69.003	39	0	4	68	62	68	40	69.634
19:52	0	68	68.488	69.021	39	0	4	68	62	68	40	69.654
19:53	0	68	68.488	69.021	39	0	4	68	62	68	40	69.674
19:53	0	68	68.524	69.057	39	0	4	68	62	68	40	69.694
19:54	0	68	68.488	69.02	39	0	4	68	62	68	40	69.714
19:54	0	68	68.488	69.02	39	0	4	68	62	68	40	69.734
19:55	0	68	68.524	69.056	39	0	4	68	62	68	40	69.753
19:55	0	68	68.56	69.092	39	0	4	68	62	68	40	69.773
19:56	0	68	68.56	69.091	39	0	4	68	62	68	40	69.793
19:56	0	68	68.56	69.091	39	0	4	68	62	68	40	69.813
19:57	0	68	68.596	69.127	39	0	4	68	62	68	40	69.833
19:57	0	68	68.56	69.09	39	0	4	68	62	68	40	69.853
19:58	0	68	68.596	69.126	39	0	4	68	62	68	40	69.873
19:58	0	68	68.615	69.144	39	0	4	68	62	68	40	69.893
19:59	0	68	68.615	69.144	39	0	4	68	62	68	40	69.913
19:59	0	68	68.651	69.18	39	0	4	68	62	68	40	69.932
20:00	0	68	68.669	69.197	39	0	4	68	62	68	37	69.952
20:00	0	68	68.669	69.196	39	0	4	68	62	68	37	69.972
20:01	0	68	68.687	69.212	39	0	4	68	62	68	37	69.992
20:01	0	68	68.687	69.211	39	0	4	68	62	68	37	70.011
20:02	0	68	68.723	69.247	39	0	4	68	62	68	37	70.031
20:02	0	68	68.741	69.265	39	0	4	68	62	68	37	70.051
20:03	0	68	68.741	69.264	39	0	4	68	62	68	37	70.07
20:03	0	68	68.741	69.264	39	0	4	68	62	68	37	70.09
20:04	0	68	68.741	69.264	39	0	4	68	62	68	37	70.11
20:04	0	68	68.796	69.318	39	0	4	68	62	68	37	70.129
20:05	0	68	68.796	69.318	39	0	4	68	62	68	37	70.149
20:05	0	68	68.832	69.355	39	0	4	68	62	68	37	70.168
20:06	0	68	68.832	69.355	39	0	4	68	62	68	37	70.188
20:06	0	68	68.85	69.373	39	0	4	68	62	68	37	70.208
20:07	0	68	68.85	69.374	39	0	4	68	62	68	37	70.227
20:07	0	68	68.868	69.392	39	0	4	68	62	68	37	70.247
20:08	0	68	68.905	69.428	39	0	4	68	62	68	37	70.266
20:08	0	68	68.905	69.429	39	0	4	68	62	68	37	70.286
20:09	0	68	68.905	69.429	39	0	4	68	62	68	37	70.306
20:09	0	68	68.959	69.484	39	0	4	68	62	68	37	70.325
20:10	0	68	68.959	69.484	39	0	4	68	62	68	37	70.345
20:10	0	68	68.959	69.484	39	0	4	68	62	68	37	70.365
20:11	0	68	68.977	69.503	39	0	4	68	62	68	37	70.385
20:11	0	68	68.959	69.485	39	0	4	68	62	68	37	70.404
20:12	0	68	68.959	69.485	39	0	4	68	62	68	37	70.424
20:12	0	68	68.977	69.503	39	0	4	68	62	68	37	70.444
20:13	0	68	69.013	69.54	39	0	4	68	62	68	37	70.463
20:13	0	68	69.031	69.558	39	0	4	68	62	68	37	70.483
20:14	0	68	69.031	69.558	39	0	4	68	62	68	37	70.503
20:14	0	68	69.05	69.576	39	0	4	68	62	68	37	70.523
20:15	0	68	69.031	69.558	39	0	4	68	62	68	37	70.542
20:15	0	68	69.05	69.576	39	0	4	68	62	68	37	70.562
20:16	0	68	69.086	69.613	39	0	4	68	62	68	37	70.582
20:16	0	68	69.086	69.613	39	0	4	68	62	68	37	70.602
20:17	0	68	69.104	69.631	39	0	4	68	62	68	37	70.621
20:17	0	68	69.14	69.667	39	0	4	68	62	68	37	70.641
20:18	0	68	69.14	69.667	39	0	4	68	62	68	37	70.661
20:18	0	68	69.158	69.685	39	0	4	68	62	68	37	70.681
20:19	0	68	69.158	69.685	39	0	4	68	62	68	37	70.7
20:19	0	68	69.158	69.685	39	0	4	68	62	68	37	70.72
20:20	0	68	69.177	69.703	39	0	4	68	62	68	37	70.74
20:20	0	68	69.177	69.703	39	0	4	68	62	68	37	70.76
20:21	0	68	69.213	69.739	38	0	4	68	62	68	37	70.779
20:21	0	68	69.177	69.703	38	0	4	68	62	68	37	70.799
20:22	0	68	69.231	69.757	38	0	4	68	62	68	37	70.819
20:22	0	68	69.213	69.739	38	0	4	68	62	68	37	70.839
20:23	0	68	69.231	69.757	38	0	4	68	62	68	37	70.858
20:23	0	68	69.231	69.757	38	0	4	68	62	68	37	70.878
20:24	0	68	69.267	69.793	39	0	4	68	62	68	37	70.898
20:24	0	68	69.267	69.793	39	0	4	68	62	68	37	70.918
20:25	0	68	69.267	69.793	39	0	4	68	62	68	37	70.937
20:25	0	68	69.285	69.811	39	0	4	68	62	68	37	70.957
20:26	0	68	69.285	69.81	39	0	4	68	62	68	37	70.977
20:26	0	68	69.285	69.81	39	0	4	68	62	68	37	70.996
20:27	0	68	69.322	69.846	39	0	4	68	62	68	37	71.016
20:27	0	68	69.322	69.846	39	0	4	68	62	68	37	71.036
20:28	0	68	69.322	69.846	39	0	4	68	62	68	37	71.055
20:28	0	68	69.322	69.846	39	0	4	68	62	68	37	71.075
20:29	0	68	69.322	69.845	39	0	4	68	62	68	37	71.095
20:29	0	68	69.34	69.863	39	0	4	68	62	68	37	71.114
20:30	0	68	69.34	69.863	39	0	4	68	62	68	37	71.134
20:30	0	68	69.322	69.845	38	0	4	68	62	68	37	71.154
20:31	0	68	69.322	69.844	38	0	4	68	62	68	37	71.173
20:31	0	68	69.322	69.844	38	0	4	68	62	68	37	71.193
20:32	0	68	69.34	69.862	38	0	4	68	62	68	37	71.212
20:32	0	68	69.358	69.88	38	0	4	68	62	68	37	71.232
20:33	0	68	69.34	69.861	38	0	4	68	62	68	37	71.251
20:33	0	68	69.34	69.861	38	0	4	68	62	68	37	71.271
20:34	0	68	69.394	69.915	38	0	4	68	62	68	37	71.291
20:34	0	68	69.394	69.915	38	0	4	68	62	68	37	71.31
20:35	0	68	69.358	69.878	38	0	4	68	62	68	37	71.33
20:35	0	68	69.394	69.914	38	0	4	68	62	68	37	71.349
20:36	0	68	69.394	69.914	38	0	4	68	62	68	37	71.369
20:36	0	68	69.394	69.914	38	0	4	68	62	68	37	71.388
20:37	0	68	69.394	69.914	38	0	4	68	62	68	37	71.408
20:37	0	68	69.412	69.931	38	0	4	68	62	68	37	71.427
20:38	0	68	69.412	69.931	39	0	4	68	62	68	37	71.447
20:38	0	68	69.412	69.931	39	0	4	68	62	68	37	71.466
20:39	0	68	69.448	69.967	39	0	4	68	62	68	37	71.486
20:39	0	68	69.448	69.967	39	0	4	68	62	68	37	71.505
20:40	0	68	69.448	69.966	39	0	4	68	62	68	37	71.524
20:40	0	68	69.448	69.966	39	0	4	68	62	68	37	71.544
20:41	0	68	69.448	69.966	38	0	4	68	62	68	37	71.563
20:41	0	68	69.467	69.984	38	0	4	68	62	68	37	71.583
20:42	0	68	69.448	69.965	38	0	4	68	62	68	37	71.602
20:42	0	68	69.467	69.983	38	0	4	68	62	68	37	71.621
20:43	0	68	69.467	69.983	38	0	4	68	62	68	37	71.641
20:43	0	68	69.503	70.019	38	0	4	68	62	68	37	71.66
20:44	0	68	69.467	69.982	38	0	4	68	62	68	37	71.679
20:44	0	68	69.503	70.018	38	0	4	68	62	68	37	71.699
20:45	0	68	69.503	70.018	38	0	4	68	62	68	37	71.718
20:45	0	68	69.503	70.018	39	0	4	68	62	68	37	71.737
20:46	0	68	69.503	70.017	39	0	4	68	62	68	37	71.757
20:46	0	68	69.521	70.035	39	0	4	68	62	68	37	71.776
20:47	0	68	69.503	70.017	38	0	4	68	62	68	37	71.795
20:47	0	68	69.503	70.016	38	0	4	68	62	68	37	71.814
20:48	0	68	69.521	70.034	38	0	4	68	62	68	37	71.834
20:48	0	68	69.521	70.034	38	0	4	68	62	68	37	71.853
20:49	0	68	69.521	70.034	38	0	4	68	62	68	37	71.872
20:49	0	68	69.521	70.033	38	0	4	68	62	68	37	71.891
20:50	0	68	69.521	70.033	38	0	4	68	62	68	37	71.911
20:50	0	68	69.539	70.051	38	0	4	68	62	68	37	71.93
20:51	0	68	69.539	70.051	38	0	4	68	62	68	37	71.949
20:51	0	68	69.539	70.05	38	0	4	68	62	68	37	71.968
20:52	0	68	69.539	70.05	38	0	4	68	62	68	37	71.987
20:52	0	68	69.539	70.05	38	0	4	68	62	68	37	72.006
20:53	0	68	69.575	70.086	38	0	4	68	62	68	37	72.026
20:53	0	68	69.575	70.085	38	0	4	68	62	68	37	72.045
20:54	0	68	69.539	70.049	38	0	4	68	62	68	37	72.064
20:54	0	68	69.539	70.048	38	0	4	68	62	68	37	72.083
20:55	0	68	69.575	70.084	38	0	4	68	62	68	37	72.102
20:55	0	68	69.575	70.084	38	0	4	68	62	68	37	72.121
20:56	0	68	69.575	70.084	38	0	4	68	62	68	37	72.14
20:56	0	68	69.575	70.084	38	0	4	68	62	68	37	72.159
20:57	0	68	69.575	70.083	38	0	4	68	62	68	37	72.178
20:57	0	68	69.575	70.083	38	0	4	68	62	68	37	72.197
20:58	0	68	69.575	70.083	38	0	4	68	62	68	37	72.216
20:58	0	68	69.575	70.082	38	0	4	68	62	68	37	72.235
20:59	0	68	69.575	70.082	38	0	4	68	62	68	37	72.254
20:59	0	68	69.575	70.082	38	0	4	68	62	68	37	72.273
21:00	0	68	69.575	70.081	38	0	4	68	62	68	36	72.292
21:00	0	68	69.575	70.08	38	0	4	68	62	68	36	72.311
21:01	0	68	69.575	70.08	38	0	4	68	62	68	36	72.33
21:01	0	68	69.593	70.098	38	0	4	68	62	68	36	72.349
21:02	0	68	69.593	70.097	38	0	4	68	62	68	36	72.368
21:02	0	68	69.575	70.079	38	0	4	68	62	68	36	72.387
21:03	0	68	69.575	70.078	38	0	4	68	62	68	36	72.406
21:03	0	68	69.593	70.096	38	0	4	68	62	68	36	72.425
21:04	0	68	69.593	70.096	38	0	4	68	62	68	36	72.444
21:04	0	68	69.593	70.096	38	0	4	68	62	68	36	72.462
21:05	0	68	69.593	70.096	38	0	4	68	62	68	36	72.481
21:05	0	68	69.593	70.096	38	0	4	68	62	68	36	72.5
21:06	0	68	69.593	70.095	38	0	4	68	62	68	36	72.519
21:06	0	68	69.593	70.095	38	0	4	68	62	68	36	72.538
21:07	0	68	69.575	70.077	38	0	4	68	62	68	36	72.557
21:07	0	68	69.575	70.077	38	0	4	68	62	68	36	72.575
21:08	0	68	69.593	70.095	38	0	4	68	62	68	36	72.594
21:08	0	68	69.593	70.095	38	0	4	68	62	68	36	72.613
21:09	0	68	69.575	70.077	38	0	4	68	62	68	36	72.632
21:09	0	68	69.575	70.077	38	0	4	68	62	68	36	72.651
21:10	0	68	69.539	70.04	38	0	4	68	62	68	36	72.669
21:10	0	68	69.575	70.076	38	0	4	68	62	68	36	72.688
21:11	0	68	69.539	70.04	38	0	4	68	62	68	36	72.707
21:11	0	68	69.539	70.04	38	0	4	68	62	68	36	72.726
21:12	0	68	69.539	70.04	38	0	4	68	62	68	36	72.744
21:12	0	68	69.539	70.04	38	0	4	68	62	68	36	72.763
21:13	0	68	69.539	70.04	38	0	4	68	62	68	36	72.782
21:13	0	68	69.521	70.021	38	0	4	68	62	68	36	72.801
21:14	0	68	69.521	70.021	38	0	4	68	62	68	36	72.82
21:14	0	68	69.521	70.021	38	0	4	68	62	68	36	72.838
21:15	0	68	69.521	70.021	38	0	4	68	62	68	36	72.857
21:15	0	68	69.503	70.003	38	0	4	68	62	68	36	72.876
21:16	0	68	69.503	70.002	38	0	4	68	62	68	36	72.895
21:16	0	68	69.503	70.002	38	0	4	68	62	68	36	72.913
21:17	0	68	69.503	70.002	38	0	4	68	62	68	36	72.932
21:18	0	68	69.503	70.002	38	0	4	68	62	68	36	72.951
21:18	0	68	69.521	70.02	38	0	4	68	62	68	36	72.969
21:19	0	68	69.503	70.001	38	0	4	68	62	68	36	72.988
21:19	0	68	69.521	70.019	38	0	4	68	62	68	36	73.007
21:20	0	68	69.521	70.019	38	0	4	68	62	68	36	73.025
21:20	0	68	69.539	70.037	38	0	4	68	62	68	36	73.044
21:21	0	68	69.521	70.019	38	0	4	68	62	68	36	73.063
21:21	0	68	69.521	70.018	38	0	4	68	62	68	36	73.081
21:22	0	68	69.521	70.018	38	0	4	68	62	68	36	73.1
21:22	0	68	69.539	70.036	38	0	4	68	62	68	36	73.119
21:23	0	68	69.539	70.036	38	0	4	68	62	68	36	73.137
21:23	0	68	69.521	70.018	38	0	4	68	62	68	36	73.156
21:24	0	68	69.539	70.035	38	0	4	68	62	68	36	73.175
21:24	0	68	69.521	70.017	37	0	4	68	62	68	36	73.193
21:25	0	68	69.521	70.017	37	0	4	68	62	68	36	73.212
21:25	0	68	69.521	70.017	37	0	4	68	62	68	36	73.23
21:26	0	68	69.521	70.016	38	0	4	68	62	68	36	73.249
21:26	0	68	69.521	70.016	37	0	4	68	62	68	36	73.268
21:27	0	68	69.539	70.034	37	0	4	68	62	68	36	73.286
21:27	0	68	69.539	70.034	37	0	4	68	62	68	36	73.305
21:28	0	68	69.521	70.015	37	0	4	68	62	68	36	73.323
21:28	0	68	69.521	70.015	37	0	4	68	62	68	36	73.342
21:29	0	68	69.521	70.015	37	0	4	68	62	68	36	73.36
21:29	0	68	69.521	70.015	37	0	4	68	62	68	36	73.379
21:30	0	68	69.503	69.996	37	0	4	68	62	68	36	73.397
21:30	0	68	69.521	70.014	37	0	4	68	62	68	36	73.416
21:31	0	68	69.521	70.014	37	0	4	68	62	68	36	73.434
21:31	0	68	69.467	69.959	37	0	4	68	62	68	36	73.453
21:32	0	68	69.503	69.995	37	0	4	68	62	68	36	73.471
21:32	0	68	69.503	69.995	37	0	4	68	62	68	36	73.49
21:33	0	68	69.503	69.995	37	0	4	68	62	68	36	73.508
21:33	0	68	69.503	69.994	37	0	4	68	62	68	36	73.527
21:34	0	68	69.503	69.994	37	0	4	68	62	68	36	73.545
21:34	0	68	69.503	69.994	37	0	4	68	62	68	36	73.563
21:35	0	68	69.467	69.957	37	0	4	68	62	68	36	73.582
21:35	0	68	69.503	69.993	37	0	4	68	62	68	36	73.6
21:36	0	68	69.503	69.993	37	0	4	68	62	68	36	73.619
21:36	0	68	69.503	69.993	37	0	4	68	62	68	36	73.637
21:37	0	68	69.467	69.956	37	0	4	68	62	68	36	73.655
21:37	0	68	69.467	69.956	37	0	4	68	62	68	36	73.674
21:38	0	68	69.503	69.992	37	0	4	68	62	68	36	73.692
21:38	0	68	69.503	69.991	37	0	4	68	62	68	36	73.71
21:39	0	68	69.467	69.955	37	0	4	68	62	68	36	73.729
21:39	0	68	69.467	69.955	37	0	4	68	62	68	36	73.747
21:40	0	68	69.448	69.936	37	0	4	68	62	68	36	73.765
21:40	0	68	69.448	69.936	37	0	4	68	62	68	36	73.784
21:41	0	68	69.448	69.936	37	0	4	68	62	68	36	73.802
21:41	0	68	69.412	69.899	37	0	4	68	62	68	36	73.82
21:42	0	68	69.412	69.899	37	0	4	68	62	68	36	73.838
21:42	0	68	69.448	69.935	37	0	4	68	62	68	36	73.857
21:43	0	68	69.412	69.898	37	0	4	68	62	68	36	73.875
21:43	0	68	69.412	69.898	37	0	4	68	62	68	36	73.893
21:44	0	68	69.412	69.898	37	0	4	68	62	68	36	73.911
21:44	0	68	69.412	69.898	37	0	4	68	62	68	36	73.929
21:45	0	68	69.412	69.897	37	0	4	68	62	68	36	73.948
21:45	0	68	69.412	69.897	37	0	4	68	62	68	36	73.966
21:46	0	68	69.412	69.897	37	0	4	68	62	68	36	73.984
21:46	0	68	69.394	69.878	37	0	4	68	62	68	36	74.002
21:47	0	68	69.358	69.842	37	0	4	68	62	68	36	74.02
21:47	0	68	69.358	69.841	37	0	4	68	62	68	36	74.038
21:48	0	68	69.358	69.841	37	0	4	68	62	68	36	74.057
21:48	0	68	69.358	69.841	37	0	4	68	62	68	36	74.075
21:49	0	68	69.34	69.822	37	0	4	68	62	68	36	74.093
21:49	0	68	69.34	69.822	37	0	4	68	62	68	36	74.111
21:50	0	68	69.34	69.822	37	0	4	68	62	68	36	74.129
21:50	0	68	69.34	69.822	37	0	4	68	62	68	36	74.147
21:51	0	68	69.34	69.821	37	0	4	68	62	68	36	74.165
21:51	0	68	69.34	69.821	37	0	4	68	62	68	36	74.183
21:52	0	68	69.322	69.803	37	0	4	68	62	68	36	74.201
21:52	0	68	69.322	69.802	37	0	4	68	62	68	36	74.219
21:53	0	68	69.322	69.802	37	0	4	68	62	68	36	74.237
21:53	0	68	69.322	69.802	37	0	4	68	62	68	36	74.255
21:54	0	68	69.322	69.802	37	0	4	68	62	68	36	74.273
21:54	0	68	69.285	69.765	37	0	4	68	62	68	36	74.291
21:55	0	68	69.285	69.765	37	0	4	68	62	68	36	74.309
21:55	0	68	69.285	69.764	37	0	4	68	62	68	36	74.327
21:56	0	68	69.285	69.764	37	0	4	68	62	68	36	74.345
21:56	0	68	69.267	69.746	37	0	4	68	62	68	36	74.363
21:57	0	68	69.267	69.745	37	0	4	68	62	68	36	74.381
21:57	0	68	69.267	69.745	37	0	4	68	62	68	36	74.399
21:58	0	68	69.267	69.745	36	0	4	68	62	68	36	74.417
21:58	0	68	69.231	69.708	36	0	4	68	62	68	36	74.435
21:59	0	68	69.231	69.708	36	0	4	68	62	68	36	74.453
21:59	0	68	69.213	69.69	36	0	4	68	62	68	36	74.471
22:00	0	68	69.213	69.689	36	0	4	68	62	68	36	74.489
22:00	0	62	69.213	69.689	36	0	4	68	62	62	34	74.506
22:01	0	62	69.213	69.688	36	0	4	68	62	62	34	74.524
22:01	0	62	69.213	69.687	36	0	4	68	62	62	34	74.542
22:02	0	62	69.177	69.65	36	0	4	68	62	62	34	74.56
22:02	0	62	69.177	69.649	36	0	4	68	62	62	34	74.578
22:03	0	62	69.177	69.649	37	0	4	68	62	62	34	74.595
22:03	0	62	69.158	69.63	37	0	4	68	62	62	34	74.613
22:04	0	62	69.158	69.63	37	0	4	68	62	62	34	74.631
22:04	0	62	69.158	69.63	36	0	4	68	62	62	34	74.648
22:05	0	62	69.14	69.612	36	0	4	68	62	62	34	74.666
22:05	0	62	69.14	69.612	37	0	4	68	62	62	34	74.684
22:06	0	62	69.104	69.576	37	0	4	68	62	62	34	74.701
22:06	0	62	69.104	69.576	36	0	4	68	62	62	34	74.719
22:07	0	62	69.05	69.521	36	0	4	68	62	62	34	74.737
22:07	0	62	69.05	69.521	36	0	4	68	62	62	34	74.754
22:08	0	62	69.031	69.503	36	0	4	68	62	62	34	74.772
22:08	0	62	69.031	69.504	36	0	4	68	62	62	34	74.79
22:09	0	62	69.031	69.504	36	0	4	68	62	62	34	74.808
22:09	0	62	69.031	69.504	36	0	4	68	62	62	34	74.825
22:10	0	62	69.013	69.486	36	0	4	68	62	62	34	74.843
22:10	0	62	69.013	69.486	36	0	4	68	62	62	34	74.861
22:11	0	62	68.977	69.45	36	0	4	68	62	62	34	74.878
22:13	0	50	68.977	68.924	37	0	4	68	62	62	32	68.974
22:13	0	62	68.977	68.908	37	0	4	62	62	62	32	68.972
22:14	0	62	68.977	68.893	37	0	4	62	62	62	32	68.969
22:14	0	62	68.959	68.862	37	0	4	62	62	62	32	68.965
22:15	0	62	68.959	68.849	37	0	4	62	62	62	32	68.961
22:15	0	62	68.977	68.855	37	0	4	62	62	62	32	68.957
22:16	0	62	68.977	68.845	37	0	4	62	62	62	32	68.952
22:16	0	62	68.923	68.78	37	0	4	62	62	62	32	68.947
22:17	0	62	68.959	68.807	37	0	4	62	62	62	32	68.941
22:17	0	62	68.923	68.762	37	0	4	62	62	62	32	68.935
22:18	0	62	68.923	68.754	37	0	4	62	62	62	32	68.929
22:18	0	62	68.923	68.746	37	0	4	62	62	62	32	68.923
22:19	0	62	68.923	68.739	36	0	4	62	62	62	32	68.916
22:19	0	62	68.905	68.715	36	0	4	62	62	62	32	68.909
22:20	0	62	68.905	68.709	36	0	4	62	62	62	32	68.902
22:20	0	62	68.905	68.703	36	0	4	62	62	62	32	68.894
22:21	0	62	68.905	68.698	36	0	4	62	62	62	32	68.887
22:21	0	62	68.905	68.693	36	0	4	62	62	62	32	68.879
22:22	0	62	68.905	68.689	36	0	4	62	62	62	32	68.871
22:22	0	62	68.868	68.649	36	0	4	62	62	62	32	68.863
22:23	0	62	68.868	68.645	36	0	4	62	62	62	32	68.854
22:23	0	62	68.85	68.623	36	0	4	62	62	62	32	68.846
22:24	0	62	68.85	68.62	36	0	4	62	62	62	32	68.837
22:24	0	62	68.868	68.635	36	0	4	62	62	62	32	68.829
22:25	0	62	68.85	68.614	36	0	4	62	62	62	32	68.82
22:25	0	62	68.85	68.611	36	0	4	62	62	62	32	68.811
22:26	0	62	68.85	68.609	36	0	4	62	62	62	32	68.802
22:26	0	62	68.832	68.589	36	0	4	62	62	62	32	68.793
22:27	0	62	68.796	68.55	36	0	4	62	62	62	32	68.784
22:27	0	62	68.796	68.549	36	0	4	62	62	62	32	68.774
22:28	0	62	68.796	68.547	36	0	4	62	62	62	32	68.765
22:28	0	62	68.796	68.545	36	0	4	62	62	62	32	68.756
22:29	0	62	68.778	68.526	36	0	4	62	62	62	32	68.746
22:29	0	62	68.796	68.542	36	0	4	62	62	62	32	68.737
22:30	0	62	68.778	68.523	36	0	4	62	62	62	32	68.727
22:30	0	62	68.741	68.486	36	0	4	62	62	62	32	68.718
22:31	0	62	68.741	68.485	36	0	4	62	62	62	32	68.708
22:31	0	62	68.723	68.465	36	0	4	62	62	62	32	68.698
22:32	0	62	68.723	68.464	36	0	4	62	62	62	32	68.689
22:32	0	62	68.723	68.464	36	0	4	62	62	62	32	68.679
22:33	0	62	68.687	68.427	36	0	4	62	62	62	32	68.669
22:33	0	62	68.687	68.426	36	0	4	62	62	62	32	68.659
22:34	0	62	68.669	68.407	36	0	4	62	62	62	32	68.65
22:34	0	62	68.651	68.388	36	0	4	62	62	62	32	68.64
22:35	0	62	68.669	68.406	35	0	4	62	62	62	32	68.63
22:35	0	62	68.651	68.387	35	0	4	62	62	62	32	68.62
22:36	0	62	68.651	68.387	35	0	4	62	62	62	32	68.61
22:36	0	62	68.615	68.35	35	0	4	62	62	62	32	68.6
22:37	0	62	68.615	68.35	35	0	4	62	62	62	32	68.59
22:37	0	62	68.596	68.331	35	0	4	62	62	62	32	68.58
22:38	0	62	68.615	68.349	35	0	4	62	62	62	32	68.57
22:38	0	62	68.596	68.331	35	0	4	62	62	62	32	68.56
22:39	0	62	68.56	68.294	35	0	4	62	62	62	32	68.55
22:39	0	62	68.542	68.276	35	0	4	62	62	62	32	68.541
22:40	0	62	68.56	68.294	35	0	4	62	62	62	32	68.531
22:40	0	62	68.56	68.294	35	0	4	62	62	62	32	68.521
22:41	0	62	68.542	68.275	35	0	4	62	62	62	32	68.511
22:41	0	62	68.542	68.275	35	0	4	62	62	62	32	68.501
22:42	0	62	68.524	68.257	35	0	4	62	62	62	32	68.491
22:42	0	62	68.524	68.257	35	0	4	62	62	62	32	68.481
22:43	0	62	68.524	68.257	35	0	4	62	62	62	32	68.47
22:43	0	62	68.488	68.22	35	0	4	62	62	62	32	68.46
22:44	0	62	68.488	68.22	35	0	4	62	62	62	32	68.45
22:44	0	62	68.488	68.22	35	0	4	62	62	62	32	68.44
22:45	0	62	68.488	68.22	35	0	4	62	62	62	32	68.43
22:45	0	62	68.47	68.202	35	0	4	62	62	62	32	68.42
22:46	0	62	68.433	68.166	35	0	4	62	62	62	32	68.41
22:46	0	62	68.433	68.166	35	0	4	62	62	62	32	68.4
22:47	0	62	68.433	68.166	35	0	4	62	62	62	32	68.39
22:47	0	62	68.433	68.166	35	0	4	62	62	62	32	68.38
22:48	0	62	68.415	68.147	35	0	4	62	62	62	32	68.37
22:48	0	62	68.433	68.166	35	0	4	62	62	62	32	68.36
22:49	0	62	68.415	68.148	35	0	4	62	62	62	32	68.35
22:49	0	62	68.415	68.148	35	0	4	62	62	62	32	68.34
22:50	0	62	68.415	68.148	35	0	4	62	62	62	32	68.33
22:50	0	62	68.433	68.166	35	0	4	62	62	62	32	68.32
22:51	0	62	68.379	68.111	35	0	4	62	62	62	32	68.31
22:51	0	62	68.415	68.148	35	0	4	62	62	62	32	68.3
22:52	0	62	68.415	68.148	35	0	4	62	62	62	32	68.29
22:52	0	62	68.415	68.148	35	0	4	62	62	62	32	68.28
22:53	0	62	68.415	68.148	35	0	4	62	62	62	32	68.27
22:53	0	62	68.415	68.148	35	0	4	62	62	62	32	68.26
22:54	0	62	68.361	68.093	35	0	4	62	62	62	32	68.25
22:54	0	62	68.379	68.112	35	0	4	62	62	62	32	68.24
22:55	0	62	68.379	68.112	35	0	4	62	62	62	32	68.23
22:55	0	62	68.379	68.112	35	0	4	62	62	62	32	68.22
22:56	0	62	68.361	68.094	35	0	4	62	62	62	32	68.21
22:56	0	62	68.379	68.112	35	0	4	62	62	62	32	68.2
22:57	0	62	68.361	68.094	35	0	4	62	62	62	32	68.19
22:57	0	62	68.379	68.112	35	0	4	62	62	62	32	68.18
22:58	0	62	68.379	68.112	35	0	4	62	62	62	32	68.17
22:58	0	62	68.361	68.094	35	0	4	62	62	62	32	68.16
22:59	0	62	68.361	68.094	35	0	4	62	62	62	32	68.15
22:59	0	62	68.361	68.094	35	0	4	62	62	62	32	68.14
23:00	0	62	68.361	68.094	35	0	4	62	62	62	32	68.13
23:00	0	62	68.343	68.076	35	0	4	62	62	62	32	68.12
23:01	0	62	68.361	68.094	35	0	4	62	62	62	32	68.11
23:01	0	62	68.361	68.094	35	0	4	62	62	62	32	68.1
23:02	0	62	68.361	68.094	35	0	4	62	62	62	32	68.09
23:02	0	62	68.361	68.094	35	0	4	62	62	62	32	68.08
23:03	0	62	68.361	68.094	35	0	4	62	62	62	32	68.07
23:03	0	62	68.361	68.094	35	0	4	62	62	62	32	68.06
23:04	0	62	68.361	68.095	35	0	4	62	62	62	32	68.05
23:04	0	62	68.361	68.095	35	0	4	62	62	62	32	68.04
23:05	0	62	68.343	68.077	35	0	4	62	62	62	32	68.03
23:05	0	62	68.343	68.077	35	0	4	62	62	62	32	68.02
23:06	0	62	68.361	68.095	35	0	4	62	62	62	32	68.01
23:06	0	62	68.361	68.095	35	0	4	62	62	62	32	68
23:07	0	62	68.361	68.095	35	0	4	62	62	62	32	67.99
23:07	0	62	68.361	68.095	35	0	4	62	62	62	32	67.98
23:08	0	62	68.343	68.077	35	0	4	62	62	62	32	67.97
23:08	0	62	68.343	68.077	35	0	4	62	62	62	32	67.96
23:09	0	62	68.343	68.077	35	0	4	62	62	62	32	67.95
23:09	0	62	68.361	68.095	35	0	4	62	62	62	32	67.94
23:10	0	62	68.343	68.077	35	0	4	62	62	62	32	67.93
23:10	0	62	68.343	68.077	35	0	4	62	62	62	32	67.92
23:11	0	62	68.343	68.077	35	0	4	62	62	62	32	67.91
23:11	0	62	68.343	68.077	35	0	4	62	62	62	32	67.9
23:12	0	62	68.343	68.078	35	0	4	62	62	62	32	67.89
23:12	0	62	68.343	68.078	35	0	4	62	62	62	32	67.88
23:13	0	62	68.343	68.078	35	0	4	62	62	62	32	67.87
23:13	0	62	68.343	68.078	35	0	4	62	62	62	32	67.861
23:14	0	62	68.343	68.078	35	0	4	62	62	62	32	67.851
23:14	0	62	68.343	68.078	35	0	4	62	62	62	32	67.841
23:15	0	62	68.343	68.078	35	0	4	62	62	62	32	67.831
23:15	0	62	68.361	68.096	35	0	4	62	62	62	32	67.821
23:16	0	62	68.343	68.078	35	0	4	62	62	62	32	67.811
23:16	0	62	68.361	68.096	35	0	4	62	62	62	32	67.801
23:17	0	62	68.343	68.078	35	0	4	62	62	62	32	67.791
23:17	0	62	68.361	68.096	35	0	4	62	62	62	32	67.781
23:18	0	62	68.361	68.097	35	0	4	62	62	62	32	67.771
23:18	0	62	68.361	68.097	35	0	4	62	62	62	32	67.761
23:19	0	62	68.361	68.097	35	0	4	62	62	62	32	67.751
23:19	0	62	68.361	68.097	35	0	4	62	62	62	32	67.742
23:20	0	62	68.361	68.097	35	0	4	62	62	62	32	67.732
23:20	0	62	68.361	68.097	35	0	4	62	62	62	32	67.722
23:21	0	62	68.361	68.097	35	0	4	62	62	62	32	67.712
23:21	0	62	68.379	68.115	35	0	4	62	62	62	32	67.702
23:22	0	62	68.379	68.115	35	0	4	62	62	62	32	67.692
23:22	0	62	68.361	68.097	35	0	4	62	62	62	32	67.682
23:23	0	62	68.379	68.115	35	0	4	62	62	62	32	67.672
23:23	0	62	68.379	68.115	35	0	4	62	62	62	32	67.662
23:24	0	62	68.415	68.152	35	0	4	62	62	62	32	67.653
23:24	0	62	68.415	68.152	35	0	4	62	62	62	32	67.643
23:25	0	62	68.379	68.116	35	0	4	62	62	62	32	67.633
23:25	0	62	68.415	68.152	35	0	4	62	62	62	32	67.623
23:26	0	62	68.415	68.152	35	0	4	62	62	62	32	67.613
23:26	0	62	68.433	68.17	35	0	4	62	62	62	32	67.603
23:27	0	62	68.415	68.152	35	0	4	62	62	62	32	67.593
23:27	0	62	68.433	68.17	35	0	4	62	62	62	32	67.584
23:28	0	62	68.433	68.171	35	0	4	62	62	62	32	67.574
23:28	0	62	68.433	68.171	35	0	4	62	62	62	32	67.564
23:29	0	62	68.433	68.171	35	0	4	62	62	62	32	67.554
23:29	0	62	68.433	68.171	35	0	4	62	62	62	32	67.544
23:30	0	62	68.47	68.207	35	0	4	62	62	62	32	67.534
23:30	0	62	68.47	68.207	35	0	4	62	62	62	32	67.524
23:31	0	62	68.47	68.207	35	0	4	62	62	62	32	67.515
23:31	0	62	68.47	68.207	35	0	4	62	62	62	32	67.505
23:32	0	62	68.488	68.225	35	0	4	62	62	62	32	67.495
23:32	0	62	68.488	68.226	35	0	4	62	62	62	32	67.485
23:33	0	62	68.488	68.226	35	0	4	62	62	62	32	67.475
23:33	0	62	68.488	68.226	35	0	4	62	62	62	32	67.465
23:34	0	62	68.524	68.262	35	0	4	62	62	62	32	67.456
23:34	0	62	68.488	68.226	35	0	4	62	62	62	32	67.446
23:35	0	62	68.524	68.262	35	0	4	62	62	62	32	67.436
23:35	0	62	68.524	68.262	35	0	4	62	62	62	32	67.426
23:36	0	62	68.524	68.262	35	0	4	62	62	62	32	67.416
23:36	0	62	68.524	68.262	35	0	4	62	62	62	32	67.407
23:37	0	62	68.524	68.262	35	0	4	62	62	62	32	67.397
23:37	0	62	68.542	68.281	35	0	4	62	62	62	32	67.387
23:38	0	62	68.542	68.281	35	0	4	62	62	62	32	67.377
23:38	0	62	68.542	68.281	35	0	4	62	62	62	32	67.367
23:39	0	62	68.542	68.281	35	0	4	62	62	62	32	67.358
23:39	0	62	68.542	68.281	35	0	4	62	62	62	32	67.348
23:40	0	62	68.542	68.281	35	0	4	62	62	62	32	67.338
23:40	0	62	68.542	68.281	35	0	4	62	62	62	32	67.328
23:41	0	62	68.56	68.299	35	0	4	62	62	62	32	67.318
23:41	0	62	68.56	68.299	35	0	4	62	62	62	32	67.309
23:42	0	62	68.596	68.336	35	0	4	62	62	62	32	67.299
23:42	0	62	68.56	68.3	35	0	4	62	62	62	32	67.289
23:43	0	62	68.596	68.336	35	0	4	62	62	62	32	67.279
23:43	0	62	68.56	68.3	35	0	4	62	62	62	32	67.27
23:44	0	62	68.596	68.336	35	0	4	62	62	62	32	67.26
23:44	0	62	68.615	68.354	35	0	4	62	62	62	32	67.25
23:45	0	62	68.615	68.354	35	0	4	62	62	62	32	67.24
23:45	0	62	68.615	68.354	35	0	4	62	62	62	32	67.23
23:46	0	62	68.615	68.354	35	0	4	62	62	62	32	67.221
23:46	0	62	68.651	68.391	35	0	4	62	62	62	32	67.211
23:47	0	62	68.615	68.355	35	0	4	62	62	62	32	67.201
23:47	0	62	68.615	68.355	35	0	4	62	62	62	32	67.191
23:48	0	62	68.651	68.397	35	0	4	62	62	62	32	67.182
23:48	0	62	68.651	68.413	34	0	4	62	62	62	32	67.173
23:49	0	62	68.651	68.435	34	0	4	62	62	62	32	67.164
23:49	0	62	68.669	68.479	34	0	4	62	62	62	32	67.157
23:50	0	62	68.669	68.513	34	0	4	62	62	62	32	67.15
23:50	0	62	68.669	68.546	34	0	4	62	62	62	32	67.145
23:51	0	62	68.669	68.582	34	0	4	62	62	62	32	67.141
23:51	0	62	68.669	68.621	34	0	4	62	62	62	32	67.139
23:52	0	62	68.687	68.675	34	0	4	62	62	62	32	67.138
23:52	0	62	68.687	68.71	34	0	4	62	62	62	32	67.138
23:53	0	62	68.687	68.747	34	0	4	62	62	62	32	67.14
23:53	0	62	68.687	68.781	34	0	4	62	62	62	32	67.143
23:54	0	62	68.723	68.851	34	0	4	62	62	62	32	67.147
23:54	0	62	68.687	68.844	34	0	4	62	62	62	32	67.153
23:55	0	62	68.723	68.907	34	0	4	62	62	62	32	67.159
23:55	0	62	68.687	68.903	34	0	4	62	62	62	32	67.167
23:56	0	62	68.741	68.98	34	0	4	62	62	62	32	67.175
23:56	0	62	68.741	69.004	34	0	4	62	62	62	32	67.185
23:57	0	62	68.741	69.023	34	0	4	62	62	62	32	67.195
23:57	0	62	68.741	69.039	34	0	4	62	62	62	32	67.206
23:58	0	62	68.778	69.087	34	0	4	62	62	62	32	67.217
23:58	0	62	68.778	69.097	34	0	4	62	62	62	32	67.229
23:59	0	62	68.778	69.098	34	0	4	62	62	62	32	67.241
23:59	0	62	68.778	69.092	34	0	4	62	62	62	32	67.253
0:00	0	62	68.741	69.042	34	0	4	62	62	62	30	67.265
0:00	0	62	68.778	69.058	34	0	4	62	62	62	30	67.276
0:01	0	62	68.796	69.058	34	0	4	62	62	62	30	67.286
0:01	0	62	68.796	69.043	34	0	4	62	62	62	30	67.295
0:02	0	62	68.796	69.032	34	0	4	62	62	62	30	67.304
0:03	0	62	68.832	69.034	34	0	4	62	62	62	30	67.32
0:03	0	62	68.832	69.015	34	0	4	62	62	62	30	67.328
0:04	0	62	68.85	69.012	34	0	4	62	62	62	30	67.334
0:04	0	62	68.832	68.975	34	0	4	62	62	62	30	67.34
0:05	0	62	68.832	68.957	34	0	4	62	62	62	30	67.345
0:05	0	62	68.85	68.958	34	0	4	62	62	62	30	67.349
0:06	0	62	68.85	68.941	34	0	4	62	62	62	30	67.353
0:06	0	62	68.868	68.943	34	0	4	62	62	62	30	67.356
0:07	0	62	68.868	68.93	34	0	4	62	62	62	30	67.358
0:07	0	62	68.868	68.919	34	0	4	62	62	62	30	67.36
0:08	0	62	68.868	68.912	34	0	4	62	62	62	30	67.362
0:08	0	62	68.85	68.892	34	0	4	62	62	62	30	67.363
0:09	0	62	68.905	68.943	34	0	4	62	62	62	30	67.365
0:09	0	62	68.923	68.969	34	0	4	62	62	62	30	67.366
0:10	0	62	68.905	68.964	34	0	4	62	62	62	30	67.369
0:10	0	62	68.923	68.994	34	0	4	62	62	62	30	67.371
0:11	0	62	68.923	69.005	34	0	4	62	62	62	30	67.374
0:11	0	62	68.923	69.016	34	0	4	62	62	62	30	67.377
0:12	0	62	68.959	69.061	34	0	4	62	62	62	30	67.381
0:12	0	62	68.959	69.069	34	0	4	62	62	62	30	67.385
0:13	0	62	68.959	69.086	34	0	4	62	62	62	30	67.389
0:13	0	62	68.959	69.102	34	0	4	62	62	62	30	67.395
0:14	0	62	68.977	69.134	34	0	4	62	62	62	30	67.4
0:14	0	62	68.977	69.147	34	0	4	62	62	62	30	67.406
0:15	0	62	68.977	69.161	34	0	4	62	62	62	30	67.413
0:15	0	62	68.977	69.168	34	0	4	62	62	62	30	67.42
0:16	0	62	69.013	69.216	34	0	4	62	62	62	30	67.427
0:16	0	62	69.013	69.215	34	0	4	62	62	62	30	67.435
0:17	0	62	69.013	69.222	34	0	4	62	62	62	30	67.443
0:17	0	62	69.031	69.242	34	0	4	62	62	62	30	67.451
0:18	0	62	69.013	69.227	34	0	4	62	62	62	30	67.459
0:18	0	62	69.031	69.237	34	0	4	62	62	62	30	67.467
0:19	0	62	69.031	69.233	34	0	4	62	62	62	30	67.474
0:19	0	62	69.031	69.224	34	0	4	62	62	62	30	67.482
0:20	0	62	69.031	69.21	34	0	4	62	62	62	30	67.488
0:20	0	62	69.05	69.213	34	0	4	62	62	62	30	67.495
0:21	0	62	69.031	69.177	34	0	4	62	62	62	30	67.501
0:21	0	62	69.05	69.175	34	0	4	62	62	62	30	67.506
0:22	0	62	69.05	69.16	34	0	4	62	62	62	30	67.51
0:22	0	62	69.05	69.149	34	0	4	62	62	62	30	67.514
0:23	0	62	69.05	69.137	34	0	4	62	62	62	30	67.517
0:23	0	62	69.05	69.122	34	0	4	62	62	62	30	67.52
0:24	0	62	69.086	69.153	34	0	4	62	62	62	30	67.523
0:24	0	62	69.05	69.114	34	0	4	62	62	62	30	67.525
0:25	0	62	69.086	69.146	34	0	4	62	62	62	30	67.528
0:25	0	62	69.086	69.134	34	0	4	62	62	62	30	67.53
0:26	0	62	69.086	69.125	34	0	4	62	62	62	30	67.531
0:26	0	62	69.086	69.124	34	0	4	62	62	62	30	67.533
0:27	0	62	69.086	69.127	34	0	4	62	62	62	30	67.534
0:27	0	62	69.104	69.144	34	0	4	62	62	62	30	67.536
0:28	0	62	69.104	69.148	34	0	4	62	62	62	30	67.537
0:28	0	62	69.104	69.151	34	0	4	62	62	62	30	67.539
0:29	0	62	69.104	69.157	34	0	4	62	62	62	30	67.541
0:29	0	62	69.14	69.196	34	0	4	62	62	62	30	67.543
0:30	0	62	69.14	69.208	34	0	4	62	62	62	30	67.545
0:30	0	62	69.14	69.218	34	0	4	62	62	62	30	67.548
0:31	0	62	69.14	69.228	34	0	4	62	62	62	30	67.551
0:31	0	62	69.14	69.24	34	0	4	62	62	62	30	67.555
0:32	0	62	69.14	69.251	34	0	4	62	62	62	30	67.559
0:32	0	62	69.158	69.275	34	0	4	62	62	62	30	67.563
0:33	0	62	69.14	69.265	34	0	4	62	62	62	30	67.568
0:33	0	62	69.158	69.287	34	0	4	62	62	62	30	67.572
0:34	0	62	69.158	69.287	34	0	4	62	62	62	30	67.577
0:34	0	62	69.158	69.289	34	0	4	62	62	62	30	67.582
0:35	0	62	69.177	69.309	34	0	4	62	62	62	30	67.587
0:35	0	62	69.158	69.288	34	0	4	62	62	62	30	67.592
0:36	0	62	69.158	69.278	34	0	4	62	62	62	30	67.597
0:36	0	62	69.177	69.286	34	0	4	62	62	62	30	67.601
0:37	0	62	69.158	69.261	34	0	4	62	62	62	30	67.605
0:37	0	62	69.177	69.272	34	0	4	62	62	62	30	67.609
0:38	0	62	69.177	69.264	34	0	4	62	62	62	30	67.612
0:38	0	62	69.177	69.262	34	0	4	62	62	62	30	67.615
0:39	0	62	69.213	69.29	34	0	4	62	62	62	30	67.618
0:39	0	62	69.213	69.291	34	0	4	62	62	62	30	67.621
0:40	0	62	69.213	69.29	34	0	4	62	62	62	30	67.624
0:40	0	62	69.177	69.251	34	0	4	62	62	62	30	67.627
0:41	0	62	69.213	69.28	34	0	4	62	62	62	30	67.63
0:41	0	62	69.213	69.281	34	0	4	62	62	62	30	67.632
0:42	0	62	69.213	69.277	34	0	4	62	62	62	30	67.635
0:42	0	62	69.213	69.275	34	0	4	62	62	62	30	67.637
0:43	0	62	69.213	69.275	34	0	4	62	62	62	30	67.639
0:43	0	62	69.213	69.277	34	0	4	62	62	62	30	67.642
0:44	0	62	69.213	69.274	34	0	4	62	62	62	30	67.644
0:44	0	62	69.213	69.27	34	0	4	62	62	62	30	67.646
0:45	0	62	69.231	69.283	34	0	4	62	62	62	30	67.648
0:45	0	62	69.213	69.259	34	0	4	62	62	62	30	67.65
0:46	0	62	69.231	69.269	34	0	4	62	62	62	30	67.652
0:46	0	62	69.231	69.265	34	0	4	62	62	62	30	67.653
0:47	0	62	69.213	69.24	34	0	4	62	62	62	30	67.654
0:47	0	62	69.213	69.232	34	0	4	62	62	62	30	67.655
0:48	0	62	69.231	69.242	34	0	4	62	62	62	30	67.656
0:48	0	62	69.231	69.238	34	0	4	62	62	62	30	67.656
0:49	0	62	69.213	69.218	34	0	4	62	62	62	30	67.656
0:49	0	62	69.213	69.21	34	0	4	62	62	62	30	67.656
0:50	0	62	69.231	69.225	34	0	4	62	62	62	30	67.656
0:50	0	62	69.231	69.219	34	0	4	62	62	62	30	67.656
0:51	0	62	69.213	69.2	34	0	4	62	62	62	30	67.655
0:51	0	62	69.213	69.195	34	0	4	62	62	62	30	67.655
0:52	0	62	69.213	69.189	34	0	4	62	62	62	30	67.654
0:52	0	62	69.213	69.184	34	0	4	62	62	62	30	67.653
0:53	0	62	69.213	69.182	34	0	4	62	62	62	30	67.652
0:53	0	62	69.213	69.181	34	0	4	62	62	62	30	67.651
0:54	0	62	69.177	69.142	34	0	4	62	62	62	30	67.649
0:54	0	62	69.213	69.169	34	0	4	62	62	62	30	67.648
0:55	0	62	69.213	69.169	34	0	4	62	62	62	30	67.646
0:55	0	62	69.213	69.172	34	0	4	62	62	62	30	67.645
0:56	0	62	69.213	69.177	34	0	4	62	62	62	30	67.643
0:56	0	62	69.213	69.182	34	0	4	62	62	62	30	67.642
0:57	0	62	69.213	69.187	34	0	4	62	62	62	30	67.641
0:57	0	62	69.213	69.189	34	0	4	62	62	62	30	67.64
0:58	0	62	69.213	69.192	34	0	4	62	62	62	30	67.639
0:58	0	62	69.213	69.188	34	0	4	62	62	62	30	67.639
0:59	0	62	69.213	69.179	34	0	4	62	62	62	30	67.637
0:59	0	62	69.213	69.172	34	0	4	62	62	62	30	67.636
1:00	0	62	69.177	69.141	34	0	4	62	62	62	25	67.635
1:00	0	62	69.177	69.124	34	0	4	62	62	62	25	67.633
1:01	0	62	69.158	69.096	34	0	4	62	62	62	25	67.631
1:01	0	62	69.177	69.1	34	0	4	62	62	62	25	67.628
1:02	0	62	69.177	69.092	34	0	4	62	62	62	25	67.625
1:02	0	62	69.177	69.09	34	0	4	62	62	62	25	67.622
1:03	0	62	69.177	69.089	34	0	4	62	62	62	25	67.619
1:03	0	62	69.177	69.088	34	0	4	62	62	62	25	67.615
1:04	0	62	69.158	69.069	34	0	4	62	62	62	25	67.612
1:04	0	62	69.158	69.071	34	0	4	62	62	62	25	67.609
1:05	0	62	69.158	69.075	34	0	4	62	62	62	25	67.606
1:05	0	62	69.177	69.102	34	0	4	62	62	62	25	67.603
1:06	0	62	69.158	69.093	33	0	4	62	62	62	25	67.6
1:06	0	62	69.158	69.106	33	0	4	62	62	62	25	67.598
1:07	0	62	69.158	69.116	33	0	4	62	62	62	25	67.596
1:07	0	62	69.158	69.125	33	0	4	62	62	62	25	67.595
1:08	0	62	69.158	69.132	33	0	4	62	62	62	25	67.593
1:08	0	62	69.158	69.142	33	0	4	62	62	62	25	67.593
1:09	0	62	69.158	69.148	33	0	4	62	62	62	25	67.592
1:09	0	62	69.158	69.156	33	0	4	62	62	62	25	67.592
1:10	0	62	69.158	69.162	33	0	4	62	62	62	25	67.592
1:10	0	62	69.158	69.17	33	0	4	62	62	62	25	67.592
1:11	0	62	69.14	69.155	33	0	4	62	62	62	25	67.593
1:11	0	62	69.158	69.176	33	0	4	62	62	62	25	67.594
1:12	0	62	69.14	69.162	33	0	4	62	62	62	25	67.594
1:12	0	62	69.158	69.18	33	0	4	62	62	62	25	67.595
1:13	0	62	69.14	69.167	33	0	4	62	62	62	25	67.596
1:13	0	62	69.14	69.165	33	0	4	62	62	62	25	67.597
1:14	0	62	69.14	69.162	33	0	4	62	62	62	25	67.598
1:14	0	62	69.14	69.159	33	0	4	62	62	62	25	67.598
1:15	0	62	69.104	69.118	33	0	4	62	62	62	25	67.599
1:15	0	62	69.14	69.146	33	0	4	62	62	62	25	67.599
1:16	0	62	69.14	69.14	33	0	4	62	62	62	25	67.599
1:16	0	62	69.14	69.134	33	0	4	62	62	62	25	67.599
1:17	0	62	69.14	69.12	33	0	4	62	62	62	25	67.599
1:17	0	62	69.104	69.067	33	0	4	62	62	62	25	67.598
1:18	0	62	69.14	69.09	33	0	4	62	62	62	25	67.596
1:18	0	62	69.14	69.078	33	0	4	62	62	62	25	67.594
1:19	0	62	69.104	69.028	33	0	4	62	62	62	25	67.591
1:19	0	62	69.086	69.001	33	0	4	62	62	62	25	67.588
1:20	0	62	69.086	68.99	33	0	4	62	62	62	25	67.585
1:20	0	62	69.104	69	33	0	4	62	62	62	25	67.581
1:21	0	62	69.104	68.993	33	0	4	62	62	62	25	67.577
1:21	0	62	69.086	68.968	33	0	4	62	62	62	25	67.573
1:22	0	62	69.086	68.963	33	0	4	62	62	62	25	67.568
1:22	0	62	69.086	68.963	33	0	4	62	62	62	25	67.563
1:23	0	62	69.05	68.928	33	0	4	62	62	62	25	67.559
1:23	0	62	69.086	68.956	33	0	4	62	62	62	25	67.554
1:24	0	62	69.05	68.918	33	0	4	62	62	62	25	67.549
1:24	0	62	69.086	68.957	33	0	4	62	62	62	25	67.544
1:25	0	62	69.086	68.959	33	0	4	62	62	62	25	67.54
1:25	0	62	69.05	68.931	33	0	4	62	62	62	25	67.535
1:26	0	62	69.05	68.936	33	0	4	62	62	62	25	67.531
1:26	0	62	69.05	68.94	33	0	4	62	62	62	25	67.527
1:27	0	62	69.05	68.946	33	0	4	62	62	62	25	67.523
1:27	0	62	69.031	68.93	33	0	4	62	62	62	25	67.519
1:28	0	62	69.05	68.954	33	0	4	62	62	62	25	67.515
1:28	0	62	69.031	68.943	33	0	4	62	62	62	25	67.512
1:29	0	62	69.031	68.949	33	0	4	62	62	62	25	67.508
1:29	0	62	69.013	68.935	33	0	4	62	62	62	25	67.505
1:30	0	62	69.013	68.935	33	0	4	62	62	62	25	67.502
1:30	0	62	69.013	68.937	33	0	4	62	62	62	25	67.5
1:31	0	62	69.013	68.934	33	0	4	62	62	62	25	67.497
1:31	0	62	69.013	68.94	33	0	4	62	62	62	25	67.494
1:32	0	62	68.977	68.912	33	0	4	62	62	62	25	67.491
1:32	0	62	68.977	68.909	33	0	4	62	62	62	25	67.489
1:33	0	62	68.977	68.904	33	0	4	62	62	62	25	67.486
1:33	0	62	68.977	68.897	33	0	4	62	62	62	25	67.483
1:34	0	62	68.977	68.899	33	0	4	62	62	62	25	67.48
1:34	0	62	68.977	68.897	33	0	4	62	62	62	25	67.477
1:35	0	62	68.959	68.874	33	0	4	62	62	62	25	67.474
1:35	0	62	68.977	68.891	33	0	4	62	62	62	25	67.471
1:36	0	62	68.959	68.875	33	0	4	62	62	62	25	67.468
1:36	0	62	68.959	68.873	33	0	4	62	62	62	25	67.464
1:37	0	62	68.959	68.87	33	0	4	62	62	62	25	67.461
1:37	0	62	68.959	68.867	33	0	4	62	62	62	25	67.458
1:38	0	62	68.923	68.819	33	0	4	62	62	62	25	67.454
1:38	0	62	68.923	68.816	33	0	4	62	62	62	25	67.45
1:39	0	62	68.923	68.81	33	0	4	62	62	62	25	67.446
1:39	0	62	68.923	68.809	33	0	4	62	62	62	25	67.442
1:40	0	62	68.905	68.789	33	0	4	62	62	62	25	67.437
1:40	0	62	68.905	68.793	33	0	4	62	62	62	25	67.433
1:41	0	62	68.905	68.795	33	0	4	62	62	62	25	67.429
1:41	0	62	68.905	68.799	33	0	4	62	62	62	25	67.425
1:42	0	62	68.905	68.805	33	0	4	62	62	62	25	67.421
1:42	0	62	68.868	68.772	33	0	4	62	62	62	25	67.417
1:43	0	62	68.868	68.776	33	0	4	62	62	62	25	67.414
1:43	0	62	68.905	68.816	33	0	4	62	62	62	25	67.41
1:44	0	62	68.905	68.823	33	0	4	62	62	62	25	67.407
1:44	0	62	68.905	68.824	33	0	4	62	62	62	25	67.404
1:45	0	62	68.868	68.795	33	0	4	62	62	62	25	67.401
1:45	0	62	68.868	68.79	33	0	4	62	62	62	25	67.398
1:46	0	62	68.868	68.788	33	0	4	62	62	62	25	67.395
1:46	0	62	68.85	68.768	33	0	4	62	62	62	25	67.392
1:47	0	62	68.868	68.785	33	0	4	62	62	62	25	67.389
1:47	0	62	68.85	68.77	33	0	4	62	62	62	25	67.386
1:48	0	62	68.868	68.788	33	0	4	62	62	62	25	67.383
1:48	0	62	68.85	68.776	33	0	4	62	62	62	25	67.38
1:49	0	62	68.85	68.776	33	0	4	62	62	62	25	67.377
1:49	0	62	68.85	68.779	33	0	4	62	62	62	25	67.375
1:50	0	62	68.85	68.783	33	0	4	62	62	62	25	67.372
1:50	0	62	68.832	68.771	33	0	4	62	62	62	25	67.37
1:51	0	62	68.832	68.767	33	0	4	62	62	62	25	67.367
1:51	0	62	68.832	68.768	33	0	4	62	62	62	25	67.365
1:52	0	62	68.832	68.771	33	0	4	62	62	62	25	67.363
1:52	0	62	68.796	68.734	33	0	4	62	62	62	25	67.36
1:53	0	62	68.796	68.732	33	0	4	62	62	62	25	67.358
1:53	0	62	68.832	68.754	33	0	4	62	62	62	25	67.355
1:54	0	62	68.796	68.712	33	0	4	62	62	62	25	67.352
1:54	0	62	68.796	68.701	33	0	4	62	62	62	25	67.349
1:55	0	62	68.796	68.697	33	0	4	62	62	62	25	67.345
1:55	0	62	68.796	68.692	33	0	4	62	62	62	25	67.341
1:56	0	62	68.778	68.667	33	0	4	62	62	62	25	67.337
1:56	0	62	68.778	68.662	33	0	4	62	62	62	25	67.333
1:57	0	62	68.741	68.617	33	0	4	62	62	62	25	67.329
1:57	0	62	68.741	68.606	33	0	4	62	62	62	25	67.324
1:58	0	62	68.741	68.596	33	0	4	62	62	62	25	67.318
1:58	0	62	68.741	68.587	33	0	4	62	62	62	25	67.313
1:59	0	62	68.741	68.58	33	0	4	62	62	62	25	67.307
1:59	0	62	68.723	68.555	33	0	4	62	62	62	25	67.301
2:00	0	62	68.687	68.509	33	0	4	62	62	62	22	67.294
2:00	0	62	68.723	68.537	33	0	4	62	62	62	22	67.287
2:01	0	62	68.723	68.529	33	0	4	62	62	62	22	67.28
2:01	0	62	68.687	68.485	33	0	4	62	62	62	22	67.273
2:02	0	62	68.669	68.459	33	0	4	62	62	62	22	67.265
2:02	0	62	68.687	68.476	33	0	4	62	62	62	22	67.257
2:03	0	62	68.669	68.46	33	0	4	62	62	62	22	67.249
2:03	0	62	68.669	68.46	33	0	4	62	62	62	22	67.241
2:04	0	62	68.669	68.468	33	0	4	62	62	62	22	67.234
2:04	0	62	68.669	68.475	33	0	4	62	62	62	22	67.226
2:05	0	62	68.615	68.432	33	0	4	62	62	62	22	67.219
2:05	0	62	68.651	68.473	33	0	4	62	62	62	22	67.213
2:06	0	62	68.615	68.445	33	0	4	62	62	62	22	67.206
2:06	0	62	68.615	68.449	33	0	4	62	62	62	22	67.2
2:07	0	62	68.596	68.432	33	0	4	62	62	62	22	67.194
2:07	0	62	68.596	68.435	33	0	4	62	62	62	22	67.188
2:08	0	62	68.56	68.402	33	0	4	62	62	62	22	67.182
2:08	0	62	68.56	68.403	33	0	4	62	62	62	22	67.176
2:09	0	62	68.596	68.434	33	0	4	62	62	62	22	67.17
2:09	0	62	68.56	68.398	33	0	4	62	62	62	22	67.164
2:10	0	62	68.56	68.402	33	0	4	62	62	62	22	67.158
2:10	0	62	68.56	68.405	33	0	4	62	62	62	22	67.152
2:11	0	62	68.56	68.412	33	0	4	62	62	62	22	67.146
2:11	0	62	68.524	68.382	33	0	4	62	62	62	22	67.141
2:12	0	62	68.542	68.404	33	0	4	62	62	62	22	67.135
2:12	0	62	68.542	68.408	33	0	4	62	62	62	22	67.13
2:13	0	62	68.524	68.394	33	0	4	62	62	62	22	67.125
2:13	0	62	68.524	68.392	33	0	4	62	62	62	22	67.121
2:14	0	62	68.488	68.352	33	0	4	62	62	62	22	67.116
2:14	0	62	68.47	68.326	33	0	4	62	62	62	22	67.11
2:15	0	62	68.47	68.322	33	0	4	62	62	62	22	67.105
2:15	0	62	68.488	68.338	33	0	4	62	62	62	22	67.099
2:16	0	62	68.47	68.321	33	0	4	62	62	62	22	67.094
2:16	0	62	68.47	68.317	33	0	4	62	62	62	22	67.088
2:17	0	62	68.47	68.321	33	0	4	62	62	62	22	67.082
2:17	0	62	68.433	68.283	33	0	4	62	62	62	22	67.077
2:18	0	62	68.433	68.278	33	0	4	62	62	62	22	67.071
2:18	0	62	68.433	68.272	33	0	4	62	62	62	22	67.065
2:19	0	62	68.415	68.25	33	0	4	62	62	62	22	67.059
2:19	0	62	68.415	68.247	33	0	4	62	62	62	22	67.053
2:20	0	62	68.415	68.243	33	0	4	62	62	62	22	67.046
2:20	0	62	68.379	68.206	33	0	4	62	62	62	22	67.04
2:21	0	62	68.379	68.199	33	0	4	62	62	62	22	67.033
2:21	0	62	68.379	68.194	33	0	4	62	62	62	22	67.026
2:22	0	62	68.361	68.17	33	0	4	62	62	62	22	67.019
2:22	0	62	68.343	68.146	33	0	4	62	62	62	22	67.012
2:23	0	62	68.343	68.148	33	0	4	62	62	62	22	67.005
2:23	0	62	68.343	68.148	33	0	4	62	62	62	22	66.997
2:24	0	62	68.343	68.151	33	0	4	62	62	62	22	66.99
2:24	0	62	68.343	68.158	33	0	4	62	62	62	22	66.983
2:25	0	62	68.306	68.123	33	0	4	62	62	62	22	66.976
2:25	0	62	68.288	68.11	33	0	4	62	62	62	22	66.969
2:26	0	62	68.288	68.112	33	0	4	62	62	62	22	66.963
2:26	0	62	68.306	68.129	33	0	4	62	62	62	22	66.956
2:27	0	62	68.288	68.118	33	0	4	62	62	62	22	66.949
2:27	0	62	68.288	68.122	33	0	4	62	62	62	22	66.943
2:28	0	62	68.252	68.09	33	0	4	62	62	62	22	66.937
2:28	0	62	68.252	68.089	33	0	4	62	62	62	22	66.931
2:29	0	62	68.252	68.085	33	0	4	62	62	62	22	66.925
2:29	0	62	68.234	68.061	33	0	4	62	62	62	22	66.918
2:30	0	62	68.234	68.06	33	0	4	62	62	62	22	66.912
2:30	0	62	68.234	68.06	33	0	4	62	62	62	22	66.905
2:31	0	62	68.198	68.029	33	0	4	62	62	62	22	66.899
2:31	0	62	68.198	68.022	33	0	4	62	62	62	22	66.892
2:32	0	62	68.179	67.998	33	0	4	62	62	62	22	66.886
2:32	0	62	68.179	67.996	33	0	4	62	62	62	22	66.879
2:33	0	62	68.179	67.992	33	0	4	62	62	62	22	66.872
2:33	0	62	68.161	67.974	33	0	4	62	62	62	22	66.865
2:34	0	62	68.161	67.971	33	0	4	62	62	62	22	66.858
2:34	0	62	68.161	67.974	33	0	4	62	62	62	22	66.851
2:35	0	62	68.125	67.94	33	0	4	62	62	62	22	66.844
2:35	0	62	68.125	67.93	33	0	4	62	62	62	22	66.836
2:36	0	62	68.125	67.925	33	0	4	62	62	62	22	66.829
2:36	0	62	68.125	67.923	33	0	4	62	62	62	22	66.821
2:37	0	62	68.107	67.907	33	0	4	62	62	62	22	66.814
2:37	0	62	68.107	67.909	33	0	4	62	62	62	22	66.806
2:38	0	62	68.107	67.913	33	0	4	62	62	62	22	66.799
2:38	0	62	68.071	67.886	33	0	4	62	62	62	22	66.792
2:39	0	62	68.071	67.883	33	0	4	62	62	62	22	66.785
2:39	0	62	68.053	67.861	33	0	4	62	62	62	22	66.778
2:40	0	62	68.034	67.841	33	0	4	62	62	62	22	66.771
2:40	0	62	68.034	67.842	33	0	4	62	62	62	22	66.763
2:41	0	62	68.034	67.844	33	0	4	62	62	62	22	66.756
2:41	0	62	68.034	67.847	33	0	4	62	62	62	22	66.749
2:42	0	62	68.034	67.847	33	0	4	62	62	62	22	66.742
2:42	0	62	67.998	67.819	33	0	4	62	62	62	22	66.735
2:43	0	62	67.998	67.813	33	0	4	62	62	62	22	66.728
2:43	0	62	67.998	67.814	33	0	4	62	62	62	22	66.721
2:44	0	62	67.98	67.798	33	0	4	62	62	62	22	66.715
2:44	0	62	67.98	67.801	33	0	4	62	62	62	22	66.708
2:45	0	62	67.98	67.799	33	0	4	62	62	62	22	66.701
2:46	0	62	67.944	67.759	33	0	4	62	62	62	22	66.694
2:46	0	62	67.944	67.755	33	0	4	62	62	62	22	66.687
2:47	0	62	67.944	67.75	33	0	4	62	62	62	22	66.68
2:47	0	62	67.926	67.729	33	0	4	62	62	62	22	66.673
2:48	0	62	67.926	67.73	33	0	4	62	62	62	22	66.666
2:48	0	62	67.889	67.697	33	0	4	62	62	62	22	66.658
2:49	0	62	67.926	67.731	33	0	4	62	62	62	22	66.651
2:49	0	62	67.889	67.697	33	0	4	62	62	62	22	66.644
2:50	0	62	67.889	67.7	33	0	4	62	62	62	22	66.637
2:50	0	62	67.871	67.685	33	0	4	62	62	62	22	66.63
2:51	0	62	67.871	67.686	33	0	4	62	62	62	22	66.623
2:51	0	62	67.871	67.688	33	0	4	62	62	62	22	66.616
2:52	0	62	67.871	67.695	33	0	4	62	62	62	22	66.609
2:52	0	62	67.853	67.689	33	0	4	62	62	62	22	66.603
2:53	0	62	67.853	67.697	33	0	4	62	62	62	22	66.597
2:53	0	62	67.853	67.702	33	0	4	62	62	62	22	66.591
2:54	0	62	67.817	67.671	33	0	4	62	62	62	22	66.585
2:54	0	62	67.817	67.668	33	0	4	62	62	62	22	66.58
2:55	0	62	67.817	67.664	33	0	4	62	62	62	22	66.574
2:55	0	62	67.799	67.648	33	0	4	62	62	62	22	66.569
2:56	0	62	67.799	67.648	33	0	4	62	62	62	22	66.563
2:56	0	62	67.762	67.607	33	0	4	62	62	62	22	66.557
2:57	0	62	67.762	67.599	33	0	4	62	62	62	22	66.551
2:57	0	62	67.762	67.591	33	0	4	62	62	62	22	66.545
2:58	0	62	67.744	67.564	33	0	4	62	62	62	22	66.538
2:58	0	62	67.744	67.559	33	0	4	62	62	62	22	66.531
2:59	0	62	67.708	67.523	33	0	4	62	62	62	22	66.525
2:59	0	62	67.708	67.517	33	0	4	62	62	62	22	66.517
3:00	0	62	67.708	67.51	33	0	4	62	62	62	22	66.51
3:00	0	62	67.69	67.489	33	0	4	62	62	62	24	66.503
3:01	0	62	67.69	67.489	33	0	4	62	62	62	24	66.495
3:01	0	62	67.69	67.487	33	0	4	62	62	62	24	66.487
3:02	0	62	67.69	67.489	33	0	4	62	62	62	24	66.48
3:02	0	62	67.672	67.474	33	0	4	62	62	62	24	66.472
3:03	0	62	67.672	67.476	33	0	4	62	62	62	24	66.465
3:03	0	62	67.636	67.434	33	0	4	62	62	62	24	66.458
3:04	0	62	67.636	67.428	33	0	4	62	62	62	24	66.45
3:04	0	62	67.617	67.405	33	0	4	62	62	62	24	66.442
3:05	0	62	67.581	67.366	33	0	4	62	62	62	24	66.434
3:05	0	62	67.581	67.362	33	0	4	62	62	62	24	66.426
3:06	0	62	67.581	67.36	33	0	4	62	62	62	24	66.418
3:06	0	62	67.581	67.355	33	0	4	62	62	62	24	66.409
3:07	0	62	67.563	67.331	33	0	4	62	62	62	24	66.401
3:07	0	62	67.545	67.31	33	0	4	62	62	62	24	66.392
3:08	0	62	67.545	67.306	33	0	4	62	62	62	24	66.383
3:08	0	62	67.509	67.269	33	0	4	62	62	62	24	66.374
3:09	0	62	67.509	67.27	33	0	4	62	62	62	24	66.365
3:09	0	62	67.509	67.269	33	0	4	62	62	62	24	66.356
3:10	0	62	67.491	67.247	33	0	4	62	62	62	24	66.347
3:10	0	62	67.491	67.244	33	0	4	62	62	62	24	66.338
3:11	0	62	67.454	67.21	33	0	4	62	62	62	24	66.328
3:11	0	62	67.454	67.214	33	0	4	62	62	62	24	66.319
3:12	0	62	67.491	67.25	33	0	4	62	62	62	24	66.31
3:12	0	62	67.436	67.199	33	0	4	62	62	62	24	66.301
3:13	0	62	67.454	67.217	33	0	4	62	62	62	24	66.292
3:13	0	62	67.436	67.204	33	0	4	62	62	62	24	66.284
3:14	0	62	67.4	67.177	33	0	4	62	62	62	24	66.275
3:14	0	62	67.4	67.178	33	0	4	62	62	62	24	66.267
3:15	0	62	67.382	67.164	33	0	4	62	62	62	24	66.259
3:15	0	62	67.382	67.171	33	0	4	62	62	62	24	66.251
3:16	0	62	67.382	67.175	33	0	4	62	62	62	24	66.243
3:16	0	62	67.382	67.181	33	0	4	62	62	62	24	66.235
3:17	0	62	67.382	67.189	33	0	4	62	62	62	24	66.228
3:17	0	62	67.364	67.179	33	0	4	62	62	62	24	66.221
3:18	0	62	67.364	67.191	33	0	4	62	62	62	24	66.214
3:18	0	62	67.364	67.201	33	0	4	62	62	62	24	66.208
3:19	0	62	67.327	67.168	33	0	4	62	62	62	24	66.202
3:19	0	62	67.327	67.176	33	0	4	62	62	62	24	66.196
3:20	0	62	67.327	67.187	33	0	4	62	62	62	24	66.19
3:20	0	62	67.327	67.193	33	0	4	62	62	62	24	66.185
3:21	0	62	67.309	67.178	33	0	4	62	62	62	24	66.18
3:21	0	62	67.309	67.183	33	0	4	62	62	62	24	66.175
3:22	0	62	67.309	67.191	33	0	4	62	62	62	24	66.171
3:22	0	62	67.309	67.206	33	0	4	62	62	62	24	66.167
3:23	0	62	67.273	67.177	33	0	4	62	62	62	24	66.163
3:23	0	62	67.309	67.22	33	0	4	62	62	62	24	66.159
3:24	0	62	67.273	67.189	33	0	4	62	62	62	24	66.156
3:24	0	62	67.273	67.186	33	0	4	62	62	62	24	66.153
3:25	0	62	67.273	67.185	33	0	4	62	62	62	24	66.15
3:25	0	62	67.309	67.225	33	0	4	62	62	62	24	66.146
3:26	0	62	67.273	67.2	33	0	4	62	62	62	24	66.144
3:26	0	62	67.273	67.205	33	0	4	62	62	62	24	66.141
3:27	0	62	67.273	67.21	33	0	4	62	62	62	24	66.139
3:27	0	62	67.273	67.215	33	0	4	62	62	62	24	66.136
3:28	0	62	67.255	67.203	33	0	4	62	62	62	24	66.134
3:28	1	68	67.255	67.245	33	0	4	62	62	68	24	66.133
3:29	1	68	67.255	67.292	33	0	4	62	62	68	24	66.134
3:29	1	68	67.273	67.354	33	0	4	62	62	68	24	66.136
3:30	1	68	67.255	67.376	33	0	4	62	62	68	24	66.14
3:30	1	68	67.273	67.431	33	0	4	62	62	68	24	66.145
3:31	1	68	67.255	67.447	33	0	4	62	62	68	24	66.152
3:31	1	68	67.255	67.478	33	0	4	62	62	68	24	66.16
3:32	1	68	67.273	67.525	33	0	4	62	62	68	24	66.169
3:32	1	68	67.219	67.498	33	0	4	62	62	68	24	66.179
3:33	1	68	67.255	67.558	33	0	4	62	62	68	24	66.19
3:33	1	68	67.255	67.581	33	0	4	62	62	68	24	66.202
3:34	1	68	67.273	67.62	33	0	4	62	62	68	24	66.215
3:34	1	68	67.255	67.621	33	0	4	62	62	68	24	66.228
3:35	1	68	67.273	67.657	33	0	4	62	62	68	24	66.242
3:35	1	68	67.273	67.674	33	0	4	62	62	68	24	66.257
3:36	1	68	67.273	67.689	33	0	4	62	62	68	24	66.272
3:36	1	68	67.273	67.703	33	0	4	62	62	68	24	66.288
3:37	1	68	67.273	67.715	33	0	4	62	62	68	24	66.305
3:37	1	68	67.309	67.763	33	0	4	62	62	68	24	66.321
3:38	1	68	67.309	67.774	33	0	4	62	62	68	24	66.339
3:38	1	68	67.327	67.802	33	0	4	62	62	68	24	66.356
3:39	1	68	67.364	67.848	33	0	4	62	62	68	24	66.374
3:39	1	68	67.327	67.82	33	0	4	62	62	68	24	66.393
3:40	1	68	67.364	67.864	33	0	4	62	62	68	24	66.411
3:40	1	68	67.364	67.871	33	0	4	62	62	68	24	66.43
3:41	1	68	67.382	67.896	33	0	4	62	62	68	24	66.449
3:41	1	68	67.4	67.92	33	0	4	62	62	68	24	66.469
3:42	1	68	67.436	67.962	33	0	4	62	62	68	24	66.488
3:42	1	68	67.454	67.985	33	0	4	62	62	68	24	66.508
3:43	1	68	67.509	68.044	33	0	4	62	62	68	24	66.528
3:43	1	68	67.545	68.085	33	0	4	62	62	68	24	66.548
3:44	1	68	67.563	68.107	33	0	4	62	62	68	24	66.569
3:44	1	68	67.581	68.128	33	0	4	62	62	68	24	66.589
3:45	1	68	67.636	68.186	33	0	4	62	62	68	24	66.61
3:45	1	68	67.672	68.225	33	0	4	62	62	68	24	66.631
3:46	1	68	67.744	68.301	33	0	4	62	62	68	24	66.651
3:46	1	68	67.744	68.303	33	0	4	62	62	68	24	66.672
3:47	0	62	67.762	68.3	33	0	4	62	62	68	24	66.693
3:47	0	62	67.853	68.325	33	0	4	62	62	68	24	66.712
3:48	0	62	67.889	68.3	33	0	4	62	62	68	24	66.728
3:48	0	62	67.926	68.281	33	0	4	62	62	68	24	66.742
3:49	0	62	67.98	68.284	33	0	4	62	62	68	24	66.754
3:49	0	62	67.998	68.262	33	0	4	62	62	68	24	66.765
3:50	0	62	68.071	68.313	33	0	4	62	62	68	24	66.774
3:50	0	62	68.107	68.344	33	0	4	62	62	68	24	66.783
3:51	0	62	68.179	68.431	33	0	4	62	62	68	24	66.792
3:51	0	62	68.179	68.457	33	0	4	62	62	68	24	66.802
3:52	0	62	68.234	68.535	33	0	4	62	62	68	24	66.813
3:52	0	62	68.288	68.612	33	0	4	62	62	68	24	66.825
3:53	0	62	68.306	68.65	33	0	4	62	62	68	24	66.838
3:53	0	62	68.361	68.724	33	0	4	62	62	68	24	66.851
3:54	0	62	68.379	68.759	33	0	4	62	62	68	24	66.865
3:54	0	62	68.433	68.829	33	0	4	62	62	68	24	66.88
3:55	0	62	68.47	68.88	33	0	4	62	62	68	24	66.895
3:55	0	62	68.524	68.948	33	0	4	62	62	68	24	66.91
3:56	0	62	68.542	68.979	33	0	4	62	62	68	24	66.927
3:56	0	62	68.56	69.008	33	0	4	62	62	68	24	66.943
3:57	0	62	68.596	69.055	33	0	4	62	62	68	24	66.96
3:57	0	62	68.651	69.119	33	0	4	62	62	68	24	66.978
3:58	0	62	68.669	69.146	33	0	4	62	62	68	24	66.996
3:58	0	62	68.687	69.173	33	0	4	62	62	68	24	67.014
3:59	0	62	68.687	69.18	33	0	4	62	62	68	24	67.032
3:59	0	62	68.741	69.242	33	0	4	62	62	68	24	67.051
4:00	0	62	68.741	69.248	33	0	4	62	62	68	24	67.07
4:00	0	62	68.796	69.306	33	0	4	62	62	68	22	67.089
4:01	0	62	68.796	69.309	33	0	4	62	62	68	22	67.108
4:01	0	62	68.85	69.366	33	0	4	62	62	68	22	67.127
4:02	0	62	68.85	69.369	33	0	4	62	62	68	22	67.147
4:02	0	62	68.905	69.426	33	0	4	62	62	68	22	67.166
4:03	0	62	68.905	69.428	33	0	4	62	62	68	22	67.186
4:03	0	62	68.959	69.485	33	0	4	62	62	68	22	67.205
4:04	0	62	68.959	69.487	33	0	4	62	62	68	22	67.225
4:04	0	62	68.977	69.507	33	0	4	62	62	68	22	67.245
4:05	0	62	69.013	69.546	33	0	4	62	62	68	22	67.265
4:05	0	62	69.013	69.548	33	0	4	62	62	68	22	67.285
4:06	0	62	69.031	69.568	33	0	4	62	62	68	22	67.305
4:06	0	62	69.05	69.587	33	0	4	62	62	68	22	67.325
4:07	0	62	69.05	69.589	33	0	4	62	62	68	22	67.345
4:07	0	62	69.086	69.627	33	0	4	62	62	68	22	67.366
4:08	0	62	69.104	69.646	33	0	4	62	62	68	22	67.386
4:08	0	62	69.14	69.684	33	0	4	62	62	68	22	67.406
4:09	0	62	69.104	69.648	33	0	4	62	62	68	22	67.427
4:09	0	62	69.14	69.686	33	0	4	62	62	68	22	67.447
4:10	0	62	69.158	69.705	33	0	4	62	62	68	22	67.468
4:10	0	62	69.158	69.706	33	0	4	62	62	68	22	67.488
4:11	0	62	69.158	69.707	33	0	4	62	62	68	22	67.509
4:11	0	62	69.158	69.707	33	0	4	62	62	68	22	67.529
4:12	0	62	69.213	69.763	32	0	4	62	62	68	22	67.55
4:12	0	62	69.213	69.763	32	0	4	62	62	68	22	67.57
4:13	0	62	69.231	69.782	32	0	4	62	62	68	22	67.591
4:13	0	62	69.231	69.782	32	0	4	62	62	68	22	67.612
4:14	0	62	69.231	69.783	32	0	4	62	62	68	22	67.632
4:14	0	62	69.231	69.783	32	0	4	62	62	68	22	67.653
4:15	0	62	69.267	69.82	32	0	4	62	62	68	22	67.674
4:15	0	62	69.267	69.82	32	0	4	62	62	68	22	67.695
4:16	0	62	69.285	69.837	32	0	4	62	62	68	22	67.715
4:16	0	62	69.285	69.831	32	0	4	62	62	68	22	67.736
4:17	0	62	69.285	69.815	32	0	4	62	62	68	22	67.756
4:17	0	62	69.322	69.828	32	0	4	62	62	68	22	67.775
4:18	0	62	69.322	69.806	32	0	4	62	62	68	22	67.794
4:18	0	62	69.322	69.777	32	0	4	62	62	68	22	67.812
4:19	0	62	69.322	69.739	32	0	4	62	62	68	22	67.828
4:19	0	62	69.34	69.713	32	0	4	62	62	68	22	67.842
4:20	0	62	69.34	69.663	32	0	4	62	62	68	22	67.855
4:20	0	62	69.34	69.612	32	0	4	62	62	68	22	67.866
4:21	0	62	69.34	69.565	32	0	4	62	62	68	22	67.876
4:21	0	62	69.358	69.54	32	0	4	62	62	68	22	67.883
4:22	0	62	69.34	69.483	32	0	4	62	62	68	22	67.889
4:22	0	62	69.358	69.464	32	0	4	62	62	68	22	67.894
4:23	0	62	69.394	69.468	32	0	4	62	62	68	22	67.897
4:23	0	62	69.394	69.438	32	0	4	62	62	68	22	67.899
4:24	0	62	69.412	69.43	32	0	4	62	62	68	22	67.9
4:24	0	62	69.394	69.389	32	0	4	62	62	68	22	67.9
4:25	0	62	69.394	69.367	32	0	4	62	62	68	22	67.899
4:25	0	62	69.394	69.345	32	0	4	62	62	68	22	67.898
4:26	0	62	69.394	69.328	32	0	4	62	62	68	22	67.896
4:26	0	62	69.412	69.335	32	0	4	62	62	68	22	67.893
4:27	0	62	69.412	69.331	32	0	4	62	62	68	22	67.89
4:27	0	62	69.412	69.326	32	0	4	62	62	68	22	67.887
4:28	0	62	69.412	69.328	32	0	4	62	62	68	22	67.884
4:28	0	62	69.394	69.317	32	0	4	62	62	68	22	67.881
4:29	0	62	69.412	69.34	32	0	4	62	62	68	22	67.878
4:29	0	62	69.412	69.351	32	0	4	62	62	68	22	67.875
4:30	0	62	69.412	69.367	32	0	4	62	62	68	22	67.873
4:30	0	62	69.448	69.425	32	0	4	62	62	68	22	67.872
4:31	0	62	69.412	69.417	32	0	4	62	62	68	22	67.872
4:31	0	62	69.412	69.434	32	0	4	62	62	68	22	67.872
4:32	0	62	69.448	69.488	32	0	4	62	62	68	22	67.874
4:32	0	62	69.412	69.464	32	0	4	62	62	68	22	67.875
4:33	0	62	69.412	69.478	32	0	4	62	62	68	22	67.878
4:33	0	62	69.412	69.486	32	0	4	62	62	68	22	67.88
4:34	0	62	69.412	69.494	32	0	4	62	62	68	22	67.883
4:34	0	62	69.412	69.504	32	0	4	62	62	68	22	67.886
4:35	0	62	69.412	69.501	32	0	4	62	62	68	22	67.89
4:35	0	62	69.412	69.505	32	0	4	62	62	68	22	67.893
4:36	0	62	69.412	69.504	32	0	4	62	62	68	22	67.897
4:36	0	62	69.412	69.491	32	0	4	62	62	68	22	67.9
4:37	0	62	69.412	69.477	32	0	4	62	62	68	22	67.902
4:37	0	62	69.412	69.462	32	0	4	62	62	68	22	67.904
4:38	0	62	69.448	69.49	32	0	4	62	62	68	22	67.906
4:38	0	62	69.448	69.478	32	0	4	62	62	68	22	67.908
4:39	0	62	69.412	69.428	32	0	4	62	62	68	22	67.908
4:39	0	62	69.412	69.412	32	0	4	62	62	68	22	67.909
4:40	0	62	69.394	69.377	32	0	4	62	62	68	22	67.908
4:40	0	62	69.394	69.361	32	0	4	62	62	68	22	67.907
4:41	0	62	69.394	69.345	32	0	4	62	62	68	22	67.906
4:41	0	62	69.394	69.327	32	0	4	62	62	68	22	67.903
4:42	0	62	69.394	69.315	32	0	4	62	62	68	22	67.901
4:42	0	62	69.394	69.305	32	0	4	62	62	68	22	67.897
4:43	0	62	69.394	69.295	32	0	4	62	62	68	22	67.894
4:43	0	62	69.394	69.288	32	0	4	62	62	68	22	67.89
4:44	0	62	69.394	69.284	32	0	4	62	62	68	22	67.886
4:44	0	62	69.358	69.241	32	0	4	62	62	68	22	67.882
4:45	0	62	69.394	69.268	32	0	4	62	62	68	22	67.877
4:45	0	62	69.394	69.275	32	0	4	62	62	68	22	67.872
4:46	0	62	69.34	69.214	32	0	4	62	62	68	22	67.868
4:46	0	62	69.34	69.203	32	0	4	62	62	68	22	67.863
4:47	0	62	69.358	69.219	32	0	4	62	62	68	22	67.858
4:47	0	62	69.394	69.261	32	0	4	62	62	68	22	67.853
4:48	0	62	69.34	69.209	32	0	4	62	62	68	22	67.848
4:48	0	62	69.34	69.209	32	0	4	62	62	68	22	67.843
4:49	0	62	69.34	69.211	32	0	4	62	62	68	22	67.838
4:49	0	62	69.322	69.195	32	0	4	62	62	68	22	67.833
4:50	0	62	69.322	69.196	32	0	4	62	62	68	22	67.828
4:50	0	62	69.34	69.221	32	0	4	62	62	68	22	67.824
4:51	0	62	69.34	69.231	32	0	4	62	62	68	22	67.82
4:51	0	62	69.322	69.223	32	0	4	62	62	68	22	67.816
4:52	0	62	69.322	69.229	32	0	4	62	62	68	22	67.812
4:52	0	62	69.322	69.236	32	0	4	62	62	68	22	67.809
4:53	0	62	69.322	69.239	32	0	4	62	62	68	22	67.806
4:53	0	62	69.285	69.211	32	0	4	62	62	68	22	67.803
4:54	0	62	69.322	69.247	32	0	4	62	62	68	22	67.8
4:54	0	62	69.285	69.222	32	0	4	62	62	68	22	67.798
4:55	0	62	69.285	69.228	32	0	4	62	62	68	22	67.795
4:55	0	62	69.267	69.207	32	0	4	62	62	68	22	67.793
4:56	0	62	69.267	69.201	32	0	4	62	62	68	22	67.791
4:56	0	62	69.267	69.196	32	0	4	62	62	68	22	67.788
